10000000101100100100000000000000
00000001000100010110100110110011
10000010101010000000000000001101
00000011110011001100110011001100
10000100111110110000000000110101
00000101001001010011111101000101
10000110010011000000000100000000
00000111000000010000000000000000
00001000000000000000000000000000
00001001011101100110100101110110
00001010011011000110010001101001
00001011011000110110111101101101
00001100000000000000000100000000
00001101000000000000000001110011
00001110010011000000000000000000
10001111000100010110111010100101
00010000111010011110100111101001
10010001101010000000000000001101
00010010001101011010000011111011
00010011010111110010100111110110
10010100000011001000000110000000
00010101000000010000000000000010
00010110000000000000000000000000
00010111011001100110111101101110
00011000011100110000011101100111
00011001011101000110000101110100
00011010011000110000001101100011
00011011011011010000000000000000
00011100000000000000000111000000
00011101000000000000010100000000
00011110000000000000000000000000
00011111000000000001100000001100
00100000011100110111010001100001
00100001011010010110001101100001
00100010101110000000000001001100
00100011011001110100000000000000
00100100000100010010010000101100
10100101101010000000000000001101
10100110011111010101000000100011
00100111011110110000000001111011
00101000001110001100101111011111
00101001000000110000101011101001
00101010000000000000101101000101
00101011000000000001001000100101
10101100110010010001010011100111
10101101111000011110001110000001
00101110101001011011110001100110
10101111111000011110011011000001
00110000010001100110011110110000
10110001111000011110011011000001
00110010110101011010100001011001
10110011111000011110101011111011

10100000101100100100000000000000
00100001000100010110100110110011
10100010101010000000000000001101
00100011110011001100110011001100
10100100111110110000000000110101
00100101001001010011111101000101
10100110010011000000000100000000
00100111000000010000000000000000
00101000000000000000000000000000
00101001011101100110100101110110
00101010011011000110010001101001
00101011011000110110111101101101
00101100000000000000000100000000
00101101000000000000000001110011
00101110010011000000000000000000
10101111000100010110111010100101
00110000111010011110100111101001
10110001101010000000000000001101
00110010001101011010000011111011
00110011010111110010100111110110
10010101000011001000000110000000
00010100000000010000000000000010
00010111000000000000000000000000
00010110011001100110111101101110
00011001011100110000011101100111
00011000011101000110000101110100
00011011011000110000001101100011
00011010011011010000000000000000
00011101000000000000000111000000
00011100000000000000010100000000
00011111000000000000000000000000
00011110000000000001100000001100
00000000011100110111010001100001
00000001011010010110001101100001
00000010101110000000000001001100
00000011011001110100000000000000
00000100000100010010010000101100
10000101101010000000000000001101
10000110011111010101000000100011
00000111011110110000000001111011
00001000001110001100101111011111
00001001000000110000101011101001
00001010000000000000101101000101
00001011000000000001001000100101
10001100110010010001010011100111
10001101111000011110001110000001
00001110101001011011110001100110
10001111111000011110011011000001
00010000010001100110011110110000
10010001111000011110011011000001
00010010110101011010100001011001
10010011111000011110101011111011

10010000101100100100000000000000
00010001000100010110100110110011
10010010101010000000000000001101
00010011110011001100110011001100
10010100111110110000000000110101
00010101001001010011111101000101
10010110010011000000000100000000
00010111000000010000000000000000
00011000000000000000000000000000
00011001011101100110100101110110
00011010011011000110010001101001
00011011011000110110111101101101
00011100000000000000000100000000
00011101000000000000000001110011
00011110010011000000000000000000
10011111000100010110111010100101
00000000111010011110100111101001
10000001101010000000000000001101
00000010001101011010000011111011
00000011010111110010100111110110
10000100000011001000000110000000
00000101000000010000000000000010
00000110000000000000000000000000
00000111011001100110111101101110
00001000011100110000011101100111
00001001011101000110000101110100
00001010011000110000001101100011
00001011011011010000000000000000
00001100000000000000000111000000
00001101000000000000010100000000
00001110000000000000000000000000
00001111000000000001100000001100
00110000011100110111010001100001
00110001011010010110001101100001
00110010101110000000000001001100
00110011011001110100000000000000
00100101000100010010010000101100
10100100101010000000000000001101
10100111011111010101000000100011
00100110011110110000000001111011
00101001001110001100101111011111
00101000000000110000101011101001
00101011000000000000101101000101
00101010000000000001001000100101
10101101110010010001010011100111
10101100111000011110001110000001
00101111101001011011110001100110
10101110111000011110011011000001
00100000010001100110011110110000
10100001111000011110011011000001
00100010110101011010100001011001
10100011111000011110101011111011

10110000101100100100000000000000
00110001000100010110100110110011
10110010101010000000000000001101
00110011110011001100110011001100
10000101111110110000000000110101
00000100001001010011111101000101
10000111010011000000000100000000
00000110000000010000000000000000
00001001000000000000000000000000
00001000011101100110100101110110
00001011011011000110010001101001
00001010011000110110111101101101
00001101000000000000000100000000
00001100000000000000000001110011
00001111010011000000000000000000
10001110000100010110111010100101
00100000111010011110100111101001
10100001101010000000000000001101
00100010001101011010000011111011
00100011010111110010100111110110
10100100000011001000000110000000
00100101000000010000000000000010
00100110000000000000000000000000
00100111011001100110111101101110
00101000011100110000011101100111
00101001011101000110000101110100
00101010011000110000001101100011
00101011011011010000000000000000
00101100000000000000000111000000
00101101000000000000010100000000
00101110000000000000000000000000
00101111000000000001100000001100
00010000011100110111010001100001
00010001011010010110001101100001
00010010101110000000000001001100
00010011011001110100000000000000
00010100000100010010010000101100
10010101101010000000000000001101
10010110011111010101000000100011
00010111011110110000000001111011
00011000001110001100101111011111
00011001000000110000101011101001
00011010000000000000101101000101
00011011000000000001001000100101
10011100110010010001010011100111
10011101111000011110001110000001
00011110101001011011110001100110
10011111111000011110011011000001
00000000010001100110011110110000
10000001111000011110011011000001
00000010110101011010100001011001
10000011111000011110101011111011

00000000110011010100000000000000
00000001000100010000000110011000
10000010101010000000000000001101
00000011110011001100110011001100
10000100010100010000000000110101
00000101001001101011110110110000
00000110101011100000000100000000
00000111000000010000000000000000
00001000000000000000000000000000
00001001011101110111011101110111
00001010011100000110001101101000
00001011001101000000001001110000
00001100000000000000000000000001
00001101000000000000000000111011
00001110010000010100000000000000
00001111000100010000000100100011
10010000101010000000000000001101
00010001110011001100110011001100
10010010010100010000000000110101
00010011001001110110101111101101
00010100111111100000000100000000
00010101000000010000000000000000
00010110000000000000000000000000
00010111011011010000011101100001
00011000011001000111010001101000
00011001011100110000001101100011
00011010011011010000000000000000
00011011000000000000000000111100
00011100011101000100000000000000
00011101000100010000000011101111
10011110101010000000000000001101
00011111110011001100110011001100
10100000010100010000000000110101
00100001001010001010111100011100
10100010111110110000000100000000
00100011000000010000000000000000
00100100000000000000000000000000
00100101011100110111011101101001
00100110011101000110000101110010
00100111011101000110000100000011
00101000011100100110011100000000
10101001000111110100000000000000
00101010000100011100110001000101
10101011101010000000000000001101
00101100110011001100110011001100
10101101010100010000000000110101
00101110001001101110011110101001
10101111101101000000000100000000
00110000000000010000000000000000
00110001000000000000000000000000
00110010011101110111011101110111
00110011011100000110001101101000

00000000001101000000001001110000
00000001000000000000000000000001
00000010000000000000000000111011
10000011111000000100000000000000
00000100000100011100101110000011
10000101101010000000000000001101
00000110110011001100110011001100
10000111010100010000000000110101
00001000001001111110001101000111
10001001101000110000000100000000
00001010000000010000000000000000
00001011000000000000000000000000
00001100011011010000011101100001
00001101011001000111010001101000
00001110011100110000001101100011
00001111011011010000000000000000
00010000000000000000000000111100
10010001001110100100000000000000
00010010000100011100101000101000
10010011101010000000000000001101
00010100110011001100110011001100
10010101010100010000000000110101
00010110001010001010101101000011
10010111110101000000000100000000
00011000000000010000000000000000
00011001000000000000000000000000
00011010011100110111011101101001
00011011011101000110000101110010
00011100011101000110000100000011
00011101011100100110011100000000
10011110000011010100000000000000
00011111000100011011100001001111
10100000101010000000000000001101
00100001110011001100110011001100
10100010010100010000000000110101
00100011001011100100111111110010
00100100111111110000000100000000
00100101000000010000000000000000
00100110000000000000000000000000
00100111011001100110111101101110
00101000011100110000101001100111
00101001011011110110011101101100
00101010011000010111000001101001
00101011000000110110001101101111
00101100000000000000000000000001
00101101000000000000000001000010
10101110000111110100000000000000
00101111000100011011100000111101
10110000101010000000000000001101
00110001110011001100110011001100
10110010010100010000000000110101
00110011001011101110111011011111

10000000001010100000000100000000
00000001000000010000000000000000
00000010000000000000000000000000
00000011011000110110111101101110
00000100011001010110001101110100
00000101011001100110000101100011
00000110011000100110111101101111
00000111000000110110111001100101
00001000000000000000000000000001
00001001000000000000000001001000
10001010010110010000000000000000
10001011000100010011110011111101
00001100110011001100110011001100
10001101101010000000000000001101
00001110001101011011010101010001
00001111001101001101010000011110
10010000010101111000000110000000
00010001000000010000000000000001
00010010000000000000000000000000
00010011011000010110110001101100
00010100011001110111001001101111
00010101011100000110110000000000
00010110000000010000000000000001
10010111000011000000000000000001
00011000000000010000000000000000
00011001100001110000000000000100
10011010001000010100000000000000
00011011000100011010011000111011
10011100101010000000000000001101
00011101110011001100110011001100
10011110010100010000000000110101
00011111001011101101110100110111
00100000100001110000000100000000
00100001000000010000000000000000
00100010000000000000000000000000
00100011011101110111011101110111
00100100011100000111100101110100
00100101011011110110111000000010
00100110011010110000001101100101
00100111011101010000001001110000
00101000000000000000000000000001
00101001000000000000000000110111
10101010101001010100000000000000
00101011000100011010000111000010
10101100101010000000000000001101
00101101110011001100110011001100
10101110010100010000000000110101
00101111001000111000001101001010
10110000011000000000000100000000
00110001000000010000000000000000
00110010000000000000000000000000
00110011011110100110111101101101

00000000011011110000001101100011
00000001011011010000000000000000
00000010000000000000000011000010
10000011001001010100000000000000
00000100000100010001100001010110
10000101101010000000000000001101
10000110111111111111111111111010
10000111110100000000011101101100
00001000101011101111011001000111
00001001001011010101001101000101
00001010010100100100001101001000
00001011001010100010000001001000
00001100010101000101000000101111
00001101001011100011000100001101
00001110010010000100111101010011
00001111001110100010000000110010
00010000001110010010111000110010
00010001001101010010111000110010
00010010001101010010111000110010
00010011001100000011101000110001
00010100001100000011000000001101
00010101010011010100000101001110
00010110001000000010001001110011
00010111011001010110001101110100
00011000011001100110000101100011
00011001011000100110111101101111
00011010000000110110111001100101
00011011000000000000000000000001
00011100000000000000000001001000
10011101010110010000000000000000
10011110000100010011110011111101
00011111110011001100110011001100
10100000101010000000000000001101
00100001011001010110001101110100
00100010011001100110000101100011
00100011011000100110111101101111
00100100000000110110111001100101
00100101000000000000000000000001
00100110000000000000000001001000
10100111010110010000000000000000
10101000000100010011110011111101
00101001110011001100110011001100
10101010101010000000000000001101
00101011010011010100000101001110
00101100001000000010001001110011
00101101011001010110001101110100
00101110101000101111101110100011
10101111111001000001000010010110
10110000111111110010010010011000
10110001111001000001000011011001
00110010011110110000000001111011
00110011001110000001001001011100

10000000010100110100000000000000
00000001000100010011010110011010
10000010101010000000000000001101
00000011101000101111101110100011
00000100011110110000000001111011
00000101001110000001001001011100
00000110000000100000101011101000
00000111000000000000101011010101
00001000000000000000000110111001
00001001101000101111101110100011
10001010111001000001000001010101
10001011011010011101100101111110
10001100111001000001000010010110
10001101011100110011100000101101
10001110111001000001000010010110
10001111111111110010010010011000
10010000111001000001000011011001
00010001000000000000000000111011
10010010110101000100000000000000
00010011000100011000111010001111
10010100101010000000000000001101
00010101110011001100110011001100
10010110010100010000000000110101
00010111001001110111100100111100
10011000100011000000000100000000
00011001000000010000000000000000
00011010000000000000000000000000
00011011011011000110100101101110
00011100011110000110110101101001
00011101011101000000001101100011
00011110011011010000000000000000
00011111000000000000000011110001
00100000000000000100000000000000
00100001000100011011011110100010
10100010101010000000000000001010
10100011101010000000000011111111
00100100100010100000000010001010
00100101110111010011000010011010
00100110000010100000110111110101
10100111101010000000000000001010
00101000100010100000000011000111
00101001000000000010000001000110
00101010010001010100010001000100
00101011010001000100001101000100
00101100010001000100000101000011
00101101010001010100010101000101
00101110010001100100010001000011
00101111010000110100000101000011
00110000010000110100000101000011
00110001010000010100000100000000
00110010010001100100100001000101
00110011010001100100001101000101

