01110110111111010100000000000000
01000000000100011101111001100010
11000000101010000000000000010010
01010111110011001100110011001100
10010100111111010000000000110101
00000000001001101011001101110110
01001100001101110000000100000000
00000000000000010000000000000000
00000000000000000000000000000000
00000011011101110111011101110111
00000101011100000110001101101000
00110010001101000000001001110000
01101100000000000000000000000001
01000101101110000000000001001100
10101110011001100100000000000000
01000000000100010010100110100000
11000000101010000000000000010010
11000011110000111101110101100100
00000000011110110000000001111011
00000000001110000000001110011110
00100011000000100000101011101000
00000000000000000000111100010110
00000000000000000000000101101111
11000011110000111101110101100100
11011110010110111111010111101010
01111111111000011000011100110111
11011110010110111111010111101010
10111001000010111011011101100101
11011110010110111111010111101010
11000000111110110101000010100110
11011110010110111111011000101101
01000101000000000000000000111111
00001000110001100100000000000000
01000000000100010100100001011011
11000000101010000000000000010010
00111110111010011110100111101001
10010100111111010000000000110101
00000000001010110001101000001010
10010100011000000000000100000000
00000000000000010000000000000000
00000000000000000000000000000000
00000010011000010110001100001010
01100100011101010110001101101011
01100100011101010110001101101011
01100111011011110000001101100011
01101111011011010000000000000000
01000101000000000000000000110110
00001010010001000100000000000000
01000000000100010100011011100110
11000000101010000000000000010010
00111110111010011110100111101001
10010100111111010000000000110101
00000000001000100010011101011110
01001111000011000000000100000000
00000000000000010000000000000000
00000000000000000000000000000000
00000101011100000110001101101000
00110010001101000000001001110000
01101100000000000000000000000001

11101000000110110100000000000000
10000000000100011001000100010000
11000000101010000000000000010010
11000000101010000000000000001100
10110111110011101101001101010010
00000000001111101111010010100111
11010111011011101000000000000010
00000000000000000000000110100110
11111101101110011011001110100101
10000101101100000010010101100110
11001101111110010001001100111001
01001011000100100010111001111010
10111001010101110011111100011100
10000110111001000110000111011111
01110001000001100000101110010101
01000110010111101111100100101100
00000101110101101011111101011011
01011001100001010111011110000110
01011001010011011001000000100101
01000101000000000000000000111101
00001010111111100100000000000000
01000000000100010100011000100101
11000000101010000000000000010010
00111110111010011110100111101001
10010100111111010000000000110101
00000000001010010111000000001011
10000011110001000000000100000000
00000000000000010000000000000000
00000000000000000000000000000000
00000100011101100110000101110010
01110011000001100110100001101111
01110100011010100110000101110010
00000011011000110110111101101101
00000000000000000000000100000000
01000101000000000000000001001100
00001011000100000100000000000000
01000000000100010100011000000100
11000000101010000000000000010010
00111110111010011110100111101001
10010100111111010000000000110101
00000000001110000100111111111110
00001001110100110000000100000000
00000000000000010000000000000000
00000000000000000000000000000000
00000011011001000110010101110110
00010110011101100110100101110011
01110101011000010110110001110111
01100101011000100111001101101001
01110100011001010110111101110000
01110100011010010110110101101001
01111010011001010111001000000011
01100011011011110110110100000000
01000101000000000000000000111001
01111100111110110100000000000000
01000000000100011101100001100101
11000000101010000000000000010010
01010111110011001100110011001100
10010100111111010000000000110101
00000000001001010110000100010100
01100101110111010000000100000000
00000000000000010000000000000000
00000000000000000000000000000000
00000010011010010110001100000100
01110100011110010110111001110100
00000011011000110110111101101101
00000000000000000000000100000000

00001111001001110100000000000000
01000000000100010100000111111111
11000000101010000000000000010010
00111110111010011110100111101001
10010100111111010000000000110101
00000000001001100101011101010110
10101110110011010000000100000000
00000000000000010000000000000000
00000000000000000000000000000000
00000010011100100110001100000101
01110010011011000110001101100100
01101110000000110110001101101111
01101101000000000000000000000001
01000101000000000000000000111011
00010000111110000100000000000000
01000000000100010100000000101101
11000000101010000000000000010010
00111110111010011110100111101001
10010100111111010000000000110101
00000000001001110110011111111111
01011000000000010000000100000000
00000000000000010000000000000000
00000000000000000000000000000000
00000001011011010000011101100001
01100100011001000111010001101000
01101001011100110000001101100011
01101111011011010000000000000000
01000101000000000000000001000010
00010010010100110100000000000000
01000000000100010011111011001011
11000000101010000000000000010010
00111110111010011110100111101001
10010100111111010000000000110101
00000000001011101000100010010000
11010111110100000000000100000000
00000000000000010000000000000000
00000000000000000000000000000000
00001010011100110111000001100101
01100101011001000110010001101001
01100001011011000111001100000101
01101111011100000110010101110010
01100001000000110110001101101111
01101101000000000000000000000001
01000101000000000000000001010010
11101111111100110100000000000000
10000000000100011000100100111000
11000000101010000000000000010010
11000000101010000000000000001100
10110111110011101101001101010010
00000000001111101111011011000011
11010111011011101000000000000010
00000000000000000000000110101000
11111101101110011011110011000000
00110111100111100101100110111110
00101010101100001011001000011100
00101001001010111111110110110110
10000101110011100101111101010010
00101100101000011111111010010100
00001110010111111000110111110001
10100010011110011100101000110010
01001110100010111010010010000000
00010001110101110110001010001111
11110011111101100101001000000001

01011111100101110000000000000000
10000000000100010101100110000101
11000000101010000000000000001100
11000000101010000000000000010010
11010011010100101011011111001110
00000000010011101000110010001010
10011010100111000001101000110010
00000000000000000000000011110010
10001111101011010000101100010001
00101000001100111001010001001000
10010100010000110011000111111000
00101110010011100001110101000110
10111001000000111111100100110001
11111100101010001111110001011110
11000011111001000100110100010001
01010111101110001100110010100000
00011001101110101010101000111100
01011000100110100101000000100011
11011000110001101001011001001100
11000010111010010111101011011001
01000101000000000000000001010010
11110100000011010100000000000000
10000000000100011000010100011110
11000000101010000000000000010010
11000000101010000000000000001100
10110111110011101101001101010010
00000000001111101010100010100110
11010111011011101000000000000010
00000000000000000000000110101011
11111101101110011110000010110110
11010001110100111111111011011000
01000101000010001110101011111100
01101000101011010111010101101100
00010010000111101110101011101101
11010110100100101001001011100011
01111101100101111001011010011110
01111101100111000001111001101101
01011111011110001010001010000010
10001001101110000111001011110001
10100100001011110110111011100101
01000101000000000000000000111010
10011110011100110100000000000000
01000000000100011011011011101100
11000000101010000000000000010010
01010111110011001100110011001100
10010100111111010000000000110101
00000000001001100101101000111101
10100101011100000000000100000000
00000000000000010000000000000000
00000000000000000000000000000000
00000011011101110111011101110111
00000101011100000110001101101000
00110010001101000000001001110000
01101100000000000000000000000001

10100000110010010100000000000000
01000000000100011011010010010111
11000000101010000000000000010010
01010111110011001100110011001100
10010100111111010000000000110101
00000000001001010110100111101011
10111100101011100000000100000000
00000000000000010000000000000000
00000000000000000000000000000000
00000001011010010000010101111001
01110100011010010110110101100111
00000011011000110110111101101101
00000000000000000000000100000000
01000101000000000000000001010010
11111100000010000100000000000000
10000000000100010111110100100011
11000000101010000000000000010010
11000000101010000000000000001100
10110111110011101101001101010010
00000000001111101101100011001101
11010111011011101000000000000010
00000000000000000000000110101101
11111101101110010011100101100110
00110011001011010000001011001011
10110110110011001101010100110011
01100101000100011010110000001100
11001111001011010100110110100010
00001111001000011000110110011100
10011001110101001001011100010011
10111111011101001101001100110000
10001111000110011001101001000011
00010001111001001101110011011111
10001011001110001011011010010100
01000101000000000000000000111100
10100010010110010100000000000000
01000000000100011011001100000100
11000000101010000000000000010010
01010111110011001100110011001100
10010100111111010000000000110101
00000000001010000110101001110000
00101111111101110000000100000000
00000000000000010000000000000000
00000000000000000000000000000000
00001010011100110111011101101001
01100101011101000110000101110010
01101001011101000110000100000011
01101111011100100110011100000000
01000101000000000000000000111101
10100011010110010100000000000000
01000000000100011011001000000011
11000000101010000000000000010010
01010111110011001100110011001100
10010100111111010000000000110101
00000000001010010100011001101101
10110001100111000000000100000000
00000000000000010000000000000000
00000000000000000000000000000000
00000100011101100110000101110010
01110011000001100110100001101111
01110100011010100110000101110010
00000011011000110110111101101101
00000000000000000000000100000000

10100011111001100100000000000000
01000000000100011011000101101110
11000000101010000000000000010010
01010111110011001100110011001100
10010100111111010000000000110101
00000000001100010011100001100000
01001101100011000000000100000000
00000000000000010000000000000000
00000000000000000000000000000000
00001011011100110111100101101110
01100100011010010110001101100001
01110100011010010110111101101110
00000111011101000111011101101001
01110100011101000110010101110010
00000011011000110110111101101101
00000000000000000000000100000000
01000101000000000000000000111100
10100110111100100100000000000000
01000000000100011010111001101011
11000000101010000000000000010010
01010111110011001100110011001100
10010100111111010000000000110101
00000000001010001000101011011010
01011110010000110000000100000000
00000000000000010000000000000000
00000000000000000000000000000000
00001011011100110110010101110010
01100011011001010110101001100101
01111010011101010111001101100001
00000010011100000110110000000000
01000101000000000000000001010000
10100111010100110100000000000000
01000000000100011010110111110110
11000000101010000000000000010010
01010111110011001100110011001100
10010100111111010000000000110101
00000000001111001001011111010111
10110111011010100000000100000000
00000000000000010000000000000000
00000000000000000000000000000000
00010010011100100011000100101101
00101101001011010111001101101110
00101101011011110111100001110101
01110000001101010010110101100110
00110101011001100111101000001011
01100111011011110110111101100111
01101100011001010111011001101001
01100100011001010110111100000011
01100011011011110110110100000000
01000101000000000000000001010010
00000001101001010100000000000000
10000000000100010111011110000111
11000000101010000000000000010010
11000000101010000000000000001100
10110111110011101101001101010010
00000000001111100110100100111100
11010111011011101000000000000010
00000000000000000000000110101111
11111101101110010010100110100110
00001100011110100010010110001101
01111100010111101100011100111001
00001011101011100101011101010111
01011000010000010111010110101001
11000111100100000111001011101011
10011100011010111001011010010011
10001110100011001101001001001101
01101010100001001001001101000010
00101111001001011111101110000110
11001010000110110100010001010001

10101010100010100100000000000000
01000000000100011010101011010110
11000000101010000000000000010010
01010111110011001100110011001100
10010100111111010000000000110101
00000000001001011100110100111101
11101001010010100000000100000000
00000000000000010000000000000000
00000000000000000000000000000000
00000111011101000111011101101001
01110100011101000110010101110010
00000011011000110110111101101101
00000000000000000000000100000000
01000101000000000000000000111110
10101011000110110100000000000000
01000000000100011010101001000000
11000000101010000000000000010010
01010111110011001100110011001100
10010100111111010000000000110101
00000000001010101010111101111100
01111111000010110000000100000000
00000000000000010000000000000000
00000000000000000000000000000000
00000100011101000110000101100111
01110011000001110110001001101100
01110101011001010110101101100001
01101001000000110110001101101111
01101101000000000000000000000001
01000101000000000000000000110110
10101110111010000100000000000000
01000000000100011010011001111011
11000000101010000000000000010010
01010111110011001100110011001100
10010100111111010000000000110101
00000000001000101000011001000001
11101101011011010000000100000000
00000000000000010000000000000000
00000000000000000000000000000000
00000101011010110110101001100010
00110010001101000000001001110000
01101100000000000000000000000001
01000101000000000000000001010010
00001111101111100100000000000000
10000000000100010110100101101110
11000000101010000000000000010010
11000000101010000000000000001100
10110111110011101101001101010010
00000000001111100100101110100101
11010111011011101000000000000010
00000000000000000000000110110001
11111101101110011100010001001101
01011110110110001000100101011110
01000011110001111111101011100100
11010100000110001111000000101100
01101011011001100100000011111001
10011101110111101111010100100110
11111000001101101111111000110010
00000111111111011101010000001010
00001000101010010111110101010100
10100111010011010111011010011100
10010001011000101011100111001101

10110110110100110100000000000000
01000000000100011001111010000100
11000000101010000000000000010010
01010111110011001100110011001100
10010100111111010000000000110101
00000000001011100001110011001000
10001001110010100000000100000000
00000000000000010000000000000000
00000000000000000000000000000000
00001010011100110110100101110100
01100101011000110110100001100101
01100011011010110011001000000101
01101111011100000110010101110010
01100001000000110110001101101111
01101101000000000000000000000001
01000101000000000000000001000010
10110111000100100100000000000000
01000000000100011001111001000101
11000000101010000000000000010010
01010111110011001100110011001100
10010100111111010000000000110101
00000000001011100101110011100110
01000011010110100000000100000000
00000000000000010000000000000000
00000000000000000000000000000000
00000101011001100110111101101110
01110100011100110000101001100111
01101111011011110110011101101100
01100101011000010111000001101001
01110011000000110110001101101111
01101101000000000000000000000001
01000101000000000000000001001000
10110111011011110100000000000000
01000000000100011001110111100010
11000000101010000000000000010010
01010111110011001100110011001100
10010100111111010000000000110101
00000000001101000100101100000111
11101101001010000000000100000000
00000000000000010000000000000000
00000000000000000000000000000000
00001100011000110110111101110101
01101110011101000010110101110011
01100101011100100111011001100101
01110010000010010111001101101000
01100001011100100110010101110100
01101000011010010111001100000011
01100011011011110110110100000000
01000101000000000000000001000000
10110111100101110100000000000000
01000000000100011001110111000010
11000000101010000000000000010010
01010111110011001100110011001100
10010100111111010000000000110101
00000000001011001110101110011011
00110110001100100000000100000000
00000000000000010000000000000000
00000000000000000000000000000000
00000101011001110111001001100001
01110000011010000000100001100110
01100001011000110110010101100010
01101111011011110110101100000011
01100011011011110110110100000000

00010101011101110100000000000000
10000000000100010110001110110101
11000000101010000000000000010010
11000000101010000000000000001100
10110111110011101101001101010010
00000000001111101110000111110101
11010111011011101000000000000010
00000000000000000000000110110011
11111101101110011100010001110100
10111101000010110000001011000000
01000100100010000001110100010010
10001100111000110011000000000110
01100100101111110000111100111011
11111011111011111001111111100001
01110000100111111000100111011000
11101011111110100101000001000001
01000010111111001111111101001001
01101001100011010000100010110010
11111110100001010100010101010110
01000101000000000000000000110011
10111001110001010100000000000000
01000000000100011001101110100001
11000000101010000000000000010010
01010111110011001100110011001100
10010100111111010000000000110101
00000000000111110011011000111010
01101001000010010000000100000000
00000000000000010000000000000000
00000000000000000000000000000000
00000010011101110111000000000010
01110000011011000000000000000000
01000101000000000000000000111011
10111010011100010100000000000000
01000000000100011001101011101101
11000000101010000000000000010010
01010111110011001100110011001100
10010100111111010000000000110101
00000000001001110010000101011011
00111001000101000000000100000000
00000000000000010000000000000000
00000000000000000000000000000000
00000111011001110111011101101001
01100001011110100110010001111001
00000010011101110111000000000010
01110000011011000000000000000000
01000101000000000000000001000101
10111010110011110000000000000000
11111011000100010001111110000101
01010111110011001100110011001100
11000000101010000000000000010010
00000000001101011001010011111101
00000000001100010111111010000010
01011100101011111000000110000000
00000000000000010000000000000001
00000000000000000000000000000000
00000001011010010000001001110111
01110000000000100111000001101100
00000000000000000000000100000000
00000001110000000000110000000000
00000001000000000000000100000000
00000000000010011111100000000000
00000100110101000100110101100100

10111011010011100000000000000000
11111011000100010001111010011100
01010111110011001100110011001100
11000000101010000000000000010010
00000000001101011001010011111101
00000000100110110010010101101011
11001100110010101000000110000000
00000000000000010000000000000111
00000000000000000000000000000000
00000100011100110011001100110111
00110010000010000110110101100101
01100101011101000111001001101001
01100011011100110000001101101110
01100101011101000000000000000000
00000001000000000000000111000000
00001100000000000000000100000000
00000001000000000000000000000000
01011011000000000000010010001000
11110011000011011000001011000000
00001100000000000000000100000000
01000101000000000000000000111100
10111100001011010100000000000000
01000000000100011001100100110000
11000000101010000000000000010010
01010111110011001100110011001100
10010100111111010000000000110101
00000000001010000100000100001110
10111000000100010000000100000000
00000000000000010000000000000000
00000000000000000000000000000000
00000100011100110011001100110111
00110010000001010110110101111000
01100011011001000110111000000011
01101110011001010111010000000000
01000101000000000000000001000101
10111100010000010100000000000000
01000000000100011001100100010011
11000000101010000000000000010010
01010111110011001100110011001100
10010100111111010000000000110101
00000000001100011001000101110000
11011001011111110000000100000000
00000000000000010000000000000000
00000000000000000000000000000000
00000101011001000110001100110100
00110011001100010000010001110011
00110011001101110011001000001000
01101101011001010110010101110100
01110010011010010110001101110011
00000011011011100110010101110100
00000000000000000000000100000000
01000101000000000000000000111101
10111101001101100100000000000000
01000000000100011001100000100110
11000000101010000000000000010010
01010111110011001100110011001100
10010100111111010000000000110101
00000000001010010001100111010001
11011010001101010000000100000000
00000000000000010000000000000000
00000000000000000000000000000000
00001001011101110110010101100010
01110011011011110110001101101011
01100101011101000000001001110111
01110000000000100111000001101100
00000000000000000000000100000000

00111100010101010100000000000000
01000000000100010001010011000100
11000000101010000000000000010010
00111110111010011110100111101001
10010100111111010000000000110101
00000000001100110011001111111010
01010100011000100000000100000000
00000000000000010000000000000000
00000000000000000000000000000000
00000011011000110110010001101110
00001011011100110111100101101110
01100100011010010110001101100001
01110100011010010110111101101110
00000101011101000111011101101001
01101101011001110000001101100011
01101111011011010000000000000000
01000101000000000000000000111011
00111100100001110100000000000000
01000000000100010001010010011110
11000000101010000000000000010010
00111110111010011110100111101001
10010100111111010000000000110101
00000000001001111101111100010111
11011011110011100000000100000000
00000000000000010000000000000000
00000000000000000000000000000000
00000011011100000110001001110011
00000101011101000111011101101001
01101101011001110000001101100011
01101111011011010000000000000000
01000101000000000000000000111011
00111100101111010100000000000000
01000000000100010001010001101000
11000000101010000000000000010010
00111110111010011110100111101001
10010100111111010000000000110101
00000000001001110100100001010010
01011110101110010000000100000000
00000000000000010000000000000000
00000000000000000000000000000000
00000011011010010111011101100001
00000101011010010111000001101100
01110011011000110000001101100011
01101111011011010000000000000000
01000101000000000000000001010010
00011001010010000100000000000000
10000000000100010101111111100100
11000000101010000000000000010010
11000000101010000000000000001100
10110111110011101101001101010010
00000000001111100101000101011001
11010111011011101000000000000010
00000000000000000000000110110101
11111101101110011100011101000101
01000111011100101110101100011111
01111001001000000010010011000110
00011001111110111110111011011101
10111001101100000000000111100010
11001101111111001111000010101110
00101000110100000111111101111010
11110000000101010001001001001011
10101100001110111001110101100000
11001110111110011111110111110100
10100010110101111010110001001111

00111110010001100100000000000000
01000000000100010001001011100001
11000000101010000000000000010010
00111110111010011110100111101001
10010100111111010000000000110101
00000000001001011101110011110000
01000011100001010000000100000000
00000000000000010000000000000000
00000000000000000000000000000000
00000001011001000000010101101001
01110000011011000111001101100011
00000011011000110110111101101101
00000000000000000000000100000000
01000101000000000000000000111100
00111110100011100100000000000000
01000000000100010001001010010110
11000000101010000000000000010010
00111110111010011110100111101001
10010100111111010000000000110101
00000000001010000111001001000111
11110101101010000000000100000000
00000000000000010000000000000000
00000000000000000000000000000000
00000011011001100110000101100011
00000111011010010110111001110100
01100101011100100110100101100001
00000010011100000110110000000000
01000101000000000000000001000000
00111111001100000100000000000000
01000000000100010001000111110000
11000000101010000000000000010010
00111110111010011110100111101001
10010100111111010000000000110101
00000000001011000011110101110110
01111011100000000000000100000000
00000000000000010000000000000000
00000000000000000000000000000000
00000010011000010110010000001011
01100100011011110111010101100010
01101100011001010110001101101100
01101001011000110110101100000011
01101110011001010111010000000000
01000101000000000000000000110111
01000101011101110100000000000000
01000000000100010000101110110010
11000000101010000000000000010010
00111110111010011110100111101001
10010100111111010000000000110101
00000000001000110101000111010001
10001101010100010000000100000000
00000000000000010000000000000000
00000000000000000000000000000000
00000110011001110110000101111010
01100101011101000110000100000010
01110000011011000000000000000000

01000101101110000100000000000000
01000000000100010000101101101110
11000000101010000000000000010010
00111110111010011110100111101001
10010100111111010000000000110101
00000000001001100100001000101000
00101011100110100000000100000000
00000000000000010000000000000000
00000000000000000000000000000000
00000010011000010110010000000110
01100001011001000111011001101001
01100101011101110000001001110000
01101100000000000000000000000001
01000101000000000000000000111000
01000101111100010100000000000000
01000000000100010000101100110111
11000000101010000000000000010010
00111110111010011110100111101001
10010100111111010000000000110101
00000000001001001110000110000001
00101101101101100000000100000000
00000000000000010000000000000000
00000000000000000000000000000000
00000010011000100110100100000100
01101001011011010010110101100111
00000010011100000110110000000000
01000101000000000000000000111110
01000110110000000100000000000000
01000000000100010000101001100010
11000000101010000000000000010010
00111110111010011110100111101001
10010100111111010000000000110101
00000000001010100111111110100101
11110101010101100000000100000000
00000000000000010000000000000000
00000000000000000000000000000000
00000110011000110110111101101111
01101011011010010110010100000110
01100111011000010111101001100101
01110100011000010000001001110000
01101100000000000000000000000001
01000101000000000000000000111111
01000111010011110100000000000000
01000000000100010000100111010010
11000000101010000000000000010010
00111110111010011110100111101001
10010100111111010000000000110101
00000000001010110000001110000111
11011110110110110000000100000000
00000000000000010000000000000000
00000000000000000000000000000000
00000011011100000111001001101111
00000011011010000110100101110100
00000110011001110110010101101101
01101001011101010111001100000010
01110000011011000000000000000000

01000111111001010000000000000000
11111011000100011000111000110001
00111110111010011110100111101001
11000000101010000000000000010010
00000000001101011001010011111101
00000000001101010011110001100100
10010100010100001000000110000000
00000000000000010000000000000001
00000000000000000000000000000000
00001000011011000110000101100100
01101110011110010110010001101111
01101101000000100111000001101100
00000000000000000000000100000000
00000001110000000000110000000000
00000001000000000000000100000000
00000000010100110111111100000000
00000100010100001111110000000000
01000101000000000000000001000011
01001000001101100100000000000000
01000000000100010000100011100111
11000000101010000000000000010010
00111110111010011110100111101001
10010100111111010000000000110101
00000000001011111011100110110001
01011100101011000000000100000000
00000000000000010000000000000000
00000000000000000000000000000000
00000011011110000110110101101100
00000111011100110110010101110010
01110111011010010111001101111001
00000110011001110110000101111010
01100101011101000110000100000010
01110000011011000000000000000000
01000101000000000000000001000011
01001001010011100100000000000000
01000000000100010000011111001111
11000000101010000000000000010010
00111110111010011110100111101001
10010100111111010000000000110101
00000000001011111010111000010000
11110100100011010000000100000000
00000000000000010000000000000000
00000000000000000000000000000000
00001000011100110111010001100001
01110100011010010110001101111000
01111000000010000110011001100001
01100011011001010110001001101111
01101111011010110000001101100011
01101111011011010000000000000000
01000101000000000000000000111010
01001010000100110100000000000000
01000000000100010000011100010011
11000000101010000000000000010010
00111110111010011110100111101001
10010100111111010000000000110101
00000000001001101010000011101011
10101101110100100000000100000000
00000000000000010000000000000000
00000000000000000000000000000000
00000001011000010000011001110101
01111010011001010110101101110010
01110011000000110110001101101111
01101101000000000000000000000001

01001010101110000100000000000000
01000000000100010000011001101100
11000000101010000000000000010010
00111110111010011110100111101001
10010100111111010000000000110101
00000000001010001010001001011010
01000011000010010000000100000000
00000000000000010000000000000000
00000000000000000000000000000000
00000011011001000110110101110000
00000110011000010110010001100110
01101111011100100110110100000011
01101110011001010111010000000000
01000101000000000000000000111100
11001110010101010100000000000000
01000000000100011000011100001000
11000000101010000000000000010010
01010111110011001100110011001100
10010100111111010000000000110101
00000000001010000001010101111000
11111001000001110000000100000000
00000000000000010000000000000000
00000000000000000000000000000000
00000001011000010000100001110010
01100001011100000110100101111010
01101111011001000110000100000011
01100011011011110110110100000000
01000101000000000000000000111110
01001011111010100100000000000000
01000000000100010000010100111000
11000000101010000000000000010010
00111110111010011110100111101001
10010100111111010000000000110101
00000000001010100000100101111100
00000011011001110000000100000000
00000000000000010000000000000000
00000000000000000000000000000000
00001100011001000110000101101001
01101100011110010111010101110000
01101100011011110110000101100100
01110011000000110110111001100101
01110100000000000000000000000001
01000101000000000000000000111111
01001101000010110100000000000000
01000000000100010000010000010110
11000000101010000000000000010010
00111110111010011110100111101001
10010100111111010000000000110101
00000000001010111010100010000000
11101111111010110000000100000000
00000000000000010000000000000000
00000000000000000000000000000000
00000111011101110110010101100101
01101011011001010110111001100100
00000110011001110110000101111010
01100101011101000110000100000010
01110000011011000000000000000000

01001110111010100100000000000000
01000000000100010000001000111010
11000000101010000000000000010010
00111110111010011110100111101001
10010100111111010000000000110101
00000000001010001100010101111001
00011100111010100000000100000000
00000000000000010000000000000000
00000000000000000000000000000000
00000100011010000110000101110000
01110011000001100110011101100001
01111010011001010111010001100001
00000010011100000110110000000000
01000101000000000000000001000010
01010111000110110100000000000000
01000000000100011111101000000010
11000000101010000000000000010010
00111110111010011110100111101001
10010100111111010000000000110101
00000000001011101101011000111110
11001100000110010000000100000000
00000000000000010000000000000000
00000000000000000000000000000000
00001010011100110110100101110100
01100101011000110110100001100101
01100011011010110011001000000101
01101111011100000110010101110010
01100001000000110110001101101111
01101101000000000000000000000001
01000101000000000000000010000010
01010111101000000000000000000000
11111011000100010111111000111101
00111110111010011110100111101001
11000000101010000000000000010010
00000000001101011001010011111101
00000000011011101011010100010111
10010011110011101000000110000000
00000000000000010000000000000010
00000000000000000000000000000000
00000011011100110111001101101100
00010000011001110110111101101111
01100111011011000110010100101101
01100001011011100110000101101100
01111001011101000110100101100011
01110011000000110110001101101111
01101101000000000000000000000001
00000000000000011100000000001100
00000000000001010000000000000001
00000000000000000101001001110010
00000000001000000001010001110011
01000101000000000000000001100010
01111011111010010000000000000000
10000000000100010011110100110011
11000000101010000000000000001100
11000000101010000000000000010010
11010011010100101011011111001110
00000000010011100100101011010010
10011010100111000001101000110010
00000000000000000000000011111100
10001111101011011000001000100110
00000101101101101100101101110010
10011001000101110111110011100000
01110110000001010100001000010011
00110100111000110111001101110111
10111100111011100000001011001110
10101101010110101110001101011101
00011001010101100110001000100000
10010101110110001100110111110001
00111000001010100001000111100010
00111111011110011001011111100000
10011100011111000110000010011010

00010101101000000100000000000000
01000000000100011100001001100110
11000000101010000000000000010010
11000011110000111101110101100100
00000000011110110000000001111011
00000000001110001011110100001100
00100011000000100000101011101000
00000000000000000000111010010100
00000000000000000000000110100101
11000011110000111101110101100100
11011110010110111111011010101110
00010101000011010000000001010011
11011110010110111111011010101110
10111000011011110101011001010101
11011110010110111111011010101110
11000000011101100111111100010100
11011110010110111111011011101111
01000101000000000000000001010000
11001111000101110100000000000000
01000000000100011000011000110010
11000000101010000000000000010010
01010111110011001100110011001100
10010100111111010000000000110101
00000000001111000000100111111010
01000101010010000000000100000000
00000000000000010000000000000000
00000000000000000000000000000000
00010010011100100011000100101101
00101101001011010111001101101110
00101101011011110111100001110101
01110000001101010010110101100110
00110101011001100111101000001011
01100111011011110110111101100111
01101100011001010111011001101001
01100100011001010110111100000011
01100011011011110110110100000000
01000101000000000000000001100010
01111111100010000000000000000000
10000000000100010011100110010100
11000000101010000000000000001100
11000000101010000000000000010010
11010011010100101011011111001110
00000000010011101011110000101000
10011010100111000001101000110010
00000000000000000000000011111101
10001111101011011010010111010001
00000111011001011100001111001010
11100000100100010110001111110001
10100110110101111100010110010011
00101010111100001001110111111001
00000011110100011011100011000000
10100110100010101111111000010001
01000000101000101010001001101101
01000101100100011101000101100001
11100000010000100000001001010100
01010110001010111011011110111010
11101110000011111101010111100010

01000001001010100100000000000000
10000000000100010011100000000010
11000000101010000000000000010010
11000000101010000000000000001100
10110111110011101101001101010010
00000000001111101001000010010001
11010111011011101000000000000010
00000000000000000000000110111110
11111101101110011000001010100101
11000101001100010011000110100001
11101001110000010011111011011101
00010101100110110100000010111001
11000101000010110111111100101010
00111001000100111111100001011110
10100001110011101111110110011010
01011101000011110011100001001110
01000011001000101110111111111001
11001100000011001101010110111100
11000101110011101001011110001001
01000101000000000000000001010010
01001111001100010100000000000000
10000000000100010010100111111011
11000000101010000000000000010010
11000000101010000000000000001100
10110111110011101101001101010010
00000000001111100000100110011011
11010111011011101000000000000010
00000000000000000000000111000000
11111101101110010011001001100111
10001011001110100100111101011001
11101010100111111010100100011100
10101011110001111101110011011010
10100000000100110111000111111111
11011001000000011010100010000111
11110011100111010001110100011110
01100011001100001011010010001001
10100100001110000000101000011100
00001011101111000100110010101100
01011111111011000101100110101101
01000101000000000000000001010010
01010010100100110100000000000000
10000000000100010010011010011001
11000000101010000000000000010010
11000000101010000000000000001100
10110111110011101101001101010010
00000000001111100111000000110110
11010111011011101000000000000010
00000000000000000000000111000010
11111101101110011110010101101000
11100100000001101001001010110011
01001001100011001011001001000000
01101101001010100001000010010010
01011101111001001011000010101010
10100010000101001101010101001010
00001000100011111011101000111100
01100101010110001011100110110001
10100001010000110110101111111110
01001100001001110000100001101010
00011001001011111000110110100011

00111100111001000100000000000000
01000000000100011001101100100010
11000000101010000000000000010010
11000011110000111101110101100100
00000000011110110000000001111011
00000000001110001000010100101101
00100011000000100000101011101000
00000000000000000000111010010100
00000000000000000000000111100100
11000011110000111101110101100100
11011110010110111111011010101110
00010101000011010000000001010011
11011110010110111111011011101111
10111000110011100101010100100101
11011110010110111111011011101111
11000000110010101111000100000001
11011110010110111111011100101111
01000101000000000000000001100010
00000100110100110000000000000000
10000000000100011011010001001001
11000000101010000000000000001100
11000000101010000000000000010010
11010011010100101011011111001110
00000000010011101001000011111010
10011010100111000001101000110010
00000000000000000000000100000001
10001111101011011110011111010110
11010110010110110110000011111010
00100111101100011100010110001100
00011111010101101011101001010100
01010101101011110110110111101001
11101110111111110100110001000101
01111100011011110000111110010010
10000100110110011110110100100001
00110101001101010111111100111000
11000110101101011000001000000000
00011000110111110011100010100000
01001110100001110111011000000011
01000101000000000000000001100010
00001010101000100000000000000000
10000000000100011010111001111010
11000000101010000000000000001100
11000000101010000000000000010010
11010011010100101011011111001110
00000000010011100110111000000110
10011010100111000001101000110010
00000000000000000000000100000010
10001111101011011010101001100001
11011110001111001000000101001001
00011010111001011111110011000000
10001110001110011100011000010001
10011100001001000101000001000111
10110010100000100000100011101010
10111101011101101100011100110011
10001101011100100100111001000001
00011001010000111101110100101110
00001000101101100001001111100001
10001010110010110000110000000111
10001001101110010011000011000110

01110001000000010100000000000000
10000000000100010000100000101011
11000000101010000000000000010010
11000000101010000000000000001100
10110111110011101101001101010010
00000000001111101011100110101000
11010111011011101000000000000010
00000000000000000000000111000110
11111101101110011101100001110011
11011010001001101100000000001100
11100010110001101111111011101111
01110101000111011001110110000111
01101001011100110011101110101001
10000110010100000101011101011110
11010100001111000011101111111100
10010110001010111010101101100111
10000000000000101011100110101100
00000010110000011001110011000010
11011110000011000110010011011110
01000101000000000000000001000011
00010101101100100100000000000000
01000000000100010011111110100101
11000000101010000000000000010010
01010111110011001100110011001100
10010100111111010000000000110101
00000000001011111010110000010010
01001111111111100000000100000000
00000000000000010000000000000000
00000000000000000000000000000000
00000011011101110111011101110111
00000111011101010111001101101111
01110011011101110110010101100010
00000010011101010110101000000011
01100101011001000111010100000010
01110000011011000000000000000000
01000101000000000000000101001000
00010000100001000000000000000000
01000000000100011010100001101101
11000000101010000000000000001100
11111111111111111111111111111111
00000000010001000000000001000011
00000001001101001100011001001011
00000001000000010000011000000000
01001000010000110101100001010010
00000000000000000000000000000000
11000000101010000000000000001100
00000000000000000000000000000000
00000000000000000000000000000000
00000000000000000000000000000000
01000100011011010101011111010110
00001110110101100000000000000000
00000000000000000000000000000000
00000000000000000000000000000000
00000000000000000000000000000000
00000000000000000000000000000000
00000000000000000000000000000000

00010010111001110000000000000000
10000000000100011010011000110101
11000000101010000000000000001100
11000000101010000000000000010010
11010011010100101011011111001110
00000000010011100011010010000011
10011010100111000001101000110010
00000000000000000000000100000100
10001111101011011101011111111001
10100000010101101101111100100101
01001001001010010111001100110001
10100111001001001001111001101001
01000101010101110101111010111000
01011000100110010101011110010111
01001011000011110110110000111011
11011110011110111111011110111000
10011111000011111110001111101000
11110100001111101111010011101100
00111110010010011111011101100111
10011011000011110010011100100111
01000101000000000000000001010000
10100001010010000100000000000000
01000000000100011010111111000111
11000000101010000000000000010010
00111110111010011110100111101001
10010100111111010000000000110101
00000000001111001110110000011010
01011110111011010000000100000000
00000000000000010000000000000000
00000000000000000000000000000000
00010010011100100011000100101101
00101101001011010111001101101110
00101101011011110111100001110101
01110000001101010010110101100110
00110101011001100111101000001011
01100111011011110110111101100111
01101100011001010111011001101001
01100100011001010110111100000011
01100011011011110110110100000000
01000101101110000000000001001100
01111010011101000100000000000000
01000000000100010101110110010010
11000000101010000000000000010010
11000011110000111101110101100100
00000000011110110000000001111011
00000000001110001011000110110001
00100011000000100000101011101000
00000000000000000000111010010000
00000000000000000000000101110001
11000011110000111101110101100100
11011110010110111111011100101110
11110001101101001110111011001100
11011110010110111111011100101111
10111000011100011011101001001101
11011110010110111111011100101111
11000000011100101011100101110101
11011110010110111111011101110001

10000111111101000100000000000000
10000000000100011111000100110111
11000000101010000000000000010010
11000000101010000000000000001100
10110111110011101101001101010010
00000000001111100000100100001001
11010111011011101000000000000010
00000000000000000000000111001001
11111101101110011011000101110110
11010111000110110000111011001100
00010011011101101110111010100101
11101110010011010100010100111001
00010010001100111001111100011101
11111010011110001010001011110010
00000011000001110101001011011111
01100001010010001011101000010010
11101101011011110001110101001010
00100010100001111111000000000110
10110111101000001100100000010011
01000101000000000000000011110001
00000000000000000100000000000000
01000000000100011011011110100010
11000000101010000000000000001010
11000000101010000000000011111111
00000000100010100000000010001010
00000000110111011111101101100100
00010001000010100100001011010111
11000000101010000000000000001010
00000000100010100000000011000111
00000000000000000010000001000110
01000101010001010100010001000100
01001000010001000100001101000100
01000001010001000100000101000011
01001110010001010100010101000101
01001110010001100100010001000011
01000001010000110100000101000011
01000001010000110100000101000011
01000001010000010100000100000000
00100000010001100100100001000101
01010000010001100100001101000101
01000101000000000000000001010010
10001010011101000100000000000000
10000000000100011110111010110111
11000000101010000000000000010010
11000000101010000000000000001100
10110111110011101101001101010010
00000000001111100011000001000111
11010111011011101000000000000010
00000000000000000000000111001011
11111101101110011010100011100101
01000100110010111010100010100000
11111111001100111001000111011111
11010010111101010010100010110110
00101010010111000000111111110110
01110101100110000000001000100111
01010000010110111011111111100101
01111110010000010100010000110101
00010111011101001111010110011011
10010000001011111010001011100011
11110110011111011100000110101100

01000000000011110100000000000000
01000000000100010001010101010011
11000000101010000000000000010010
01010111110011001100110011001100
10010100111111010000000000110101
00000000001001001101011000000011
11111101110101110000000100000000
00000000000000010000000000000000
00000000000000000000000000000000
00000111011011010110000101110100
01100101011101010111001101111010
00000010011100000110110000000000
01000101000000000000000001100010
00100111001001110000000000000000
10000000000100011001000111110101
11000000101010000000000000001100
11000000101010000000000000010010
11010011010100101011011111001110
00000000010011100001010000111000
10011010100111000001101000110010
00000000000000000000000100000111
10001111101011010100011010000011
11011111110111000101110010000101
10000111001011010011111111001110
01101100100001110110010100110010
00000001000011000101111010101000
11011110010010001111110010111010
10001110010001001001101100111011
10101000110100100111001101000010
11000111000011010101100000011011
10011111000110100111100010010000
00110011011010100110011101000010
00001111010000000111111110110001
01000101000000000000000001000010
10110111110001000100000000000000
01000000000100011001100101011001
11000000101010000000000000010010
00111110111010011110100111101001
10010100111111010000000000110101
00000000001011101101111100111111
11001011110111110000000100000000
00000000000000010000000000000000
00000000000000000000000000000000
00000111011000110110111101101110
01101110011001010110001101110100
00001000011001100110000101100011
01100101011000100110111101101111
01101011000000110110111001100101
01110100000000000000000000000001
01000101000000000000000001001100
10111000001110000100000000000000
01000000000100011001100011011011
11000000101010000000000000010010
00111110111010011110100111101001
10010100111111010000000000110101
00000000001110000111100111011010
00110111011010010000000100000000
00000000000000010000000000000000
00000000000000000000000000000000
00001000011001010111100001110100
01100101011100100110111001100001
01101100000001110110011001110111
01100001011101110011001100101101
00110001000000110110011001101110
01100001000001010110011001100010
01100011011001000110111000000011
01101110011001010111010000000000

00101001000011000000000000000000
10000000000100011001000000010000
11000000101010000000000000001100
11000000101010000000000000010010
11010011010100101011011111001110
00000000010011101001000110110000
10011010100111000001101000110010
00000000000000000000000100001000
10001111101011010011001101111100
11100100010111001111011101001101
11010111100110001101010010010111
01011111111001000101100011100111
11001110110110101000101100010101
00100000000100000000100111001011
01001011110001111010101101101001
11001100110010000101011000010111
11111010101110111000010000101010
00010101010100111010010010000110
10110100111010100000010010100010
10110011111001001010110110110100
01000101000000000000000000111010
01001100011010000100000000000000
01000000000100010000100011111000
11000000101010000000000000010010
01010111110011001100110011001100
10010100111111010000000000110101
00000000001001100011000111011001
11001101110101000000000100000000
00000000000000010000000000000000
00000000000000000000000000000000
00000011011101110111011101110111
00000101011100000110001101101000
00110010001101000000001001110000
01101100000000000000000000000001
01000101000000000000000001100010
00101001101100010000000000000000
10000000000100011000111101101011
11000000101010000000000000001100
11000000101010000000000000010010
11010011010100101011011111001110
00000000010011101101100001011001
10011010100111000001101000110010
00000000000000000000000100001001
10001111101011010110111000100101
01001101111100111000001111101011
00010101010110000001000101000011
10010101010111001011101100100001
00011100110101111000011000010111
00100001010111110110001111011110
11111000011011111001001011100110
11100000011101100110000010010011
11110111011000100000000110010010
00111101111010101111110000010010
10101001011101110000100001010111
00011011100011001000000110000000

01001111011010000100000000000000
01000000000100010000010111110000
11000000101010000000000000010010
01010111110011001100110011001100
10010100111111010000000000110101
00000000001011101000101110011000
11011001000000100000000100000000
00000000000000010000000000000000
00000000000000000000000000000000
00001010011100110111000001100101
01100101011001000110010001101001
01100001011011000111001100000101
01101111011100000110010101110010
01100001000000110110001101101111
01101101000000000000000000000001
01000101000000000000000000111100
01001111110010000100000000000000
01000000000100010000010110010110
11000000101010000000000000010010
01010111110011001100110011001100
10010100111111010000000000110101
00000000001010000110001011100111
00110111100000000000000100000000
00000000000000010000000000000000
00000000000000000000000000000000
00001010011100110111011101101001
01100101011101000110000101110010
01101001011101000110000100000011
01101111011100100110011100000000
01000101101110000000000001001100
10001001011100100100000000000000
01000000000100010100111010010100
11000000101010000000000000010010
11000011110000111101110101100100
00000000011110110000000001111011
00000000001110001111000111011000
00100011000000100000101011101000
00000000000000000000111010010000
00000000000000000000000110110010
11000011110000111101110101100100
11011110010110111111011100101110
11110001101101001110111011001100
11011110010110111111011101110001
10111000100101001110001101110101
11011110010110111111011101110001
11000000100010101101101010011100
11011110010110111111011110110011
01000101000000000000000001001100
01010000100101010100000000000000
01000000000100010000010010111001
11000000101010000000000000010010
01010111110011001100110011001100
10010100111111010000000000110101
00000000001110000100001000100010
00011011111010010000000100000000
00000000000000010000000000000000
00000000000000000000000000000000
00000011011001000110010101110110
00010110011101100110100101110011
01110101011000010110110001110111
01100101011000100111001101101001
01110100011001010110111101110000
01110100011010010110110101101001
01111010011001010111001000000011
01100011011011110110110100000000

01010001010001110100000000000000
01000000000100010000010000010001
11000000101010000000000000010010
01010111110011001100110011001100
10010100111111010000000000110101
00000000001011101110101110000000
00111110000100100000000100000000
00000000000000010000000000000000
00000000000000000000000000000000
00001000011100000110110001100001
01110100011001100110111101110010
01101101000001110111010001110111
01101001011101000111010001100101
01110010000000110110001101101111
01101101000000000000000000000001
01000101000000000000000101001000
00101101101000010000000000000000
01000000000100011000101101010000
11000000101010000000000000001100
11111111111111111111111111111111
00000000010001000000000001000011
00000001001101001101011101101001
00000001000000010000011000000000
01011100001010000011000001001111
00000011000000000000000000000000
11000000101010000000000000001100
00000000000000000000000000000000
00000000000000000000000000000000
00000000000000000000000000000000
01000100011011010101011111010110
00001110110101100000000000000000
00000000000000000000000000000000
00000000000000000000000000000000
00000000000000000000000000000000
00000000000000000000000000000000
00000000000000000000000000000000
01000101000000000000000001100010
00101101101010100000000000000000
10000000000100011000101101110010
11000000101010000000000000001100
11000000101010000000000000010010
11010011010100101011011111001110
00000000010011100000010111100101
10011010100111000001101000110010
00000000000000000000000100001010
10001111101011011100000001011110
10111000001101010111101101010000
00010110100110100111010000011111
01100100010110100001000110110011
00111000100001101101000010111001
10011011001101101001000111101101
11010111000010111101100101000010
01100100100010001110011001110010
10110111001111101111100111000100
00100111100000011100001101110111
10100100100000101010001001101100
01010001100000100100110010111100

10110101101001000100000000000000
10000000000100011100001110000111
11000000101010000000000000010010
11000000101010000000000000001100
10110111110011101101001101010010
00000000001111101001101011111111
11010111011011101000000000000010
00000000000000000000000111010010
11111101101110011010011011111111
01001001011111110110111101100011
10100000011111000110100100101011
00100011100100011000010000101000
00001101101100000010100011011001
01100101010111010011101001110101
11000000010111100111101110000011
00011111010000011100100011000010
01001101011110111111111011101001
11111110111101101001001110001000
01001111000010100001001001110010
01000101000000000000000001010010
10111001111100000100000000000000
10000000000100011011111100111011
11000000101010000000000000010010
11000000101010000000000000001100
10110111110011101101001101010010
00000000001111100100000111001101
11010111011011101000000000000010
00000000000000000000000111010100
11111101101110010111101100111110
00011001001010101110000000001101
00111001001101100010111111100010
11101000111001010110001110000000
11001001011100001101110111010001
00100111000101000000111100110111
11000010100011011011110101011110
11001101111001010101101010010100
00000011011010010000010101011101
10011000110010000000000100000111
01100100100101001101001000000100
01000101000000000000000001010010
11000001101010010100000000000000
10000000000100011011011110000010
11000000101010000000000000010010
11000000101010000000000000001100
10110111110011101101001101010010
00000000001111100000111010110010
11010111011011101000000000000010
00000000000000000000000111010110
11111101101110010110100011111011
00101110110010110101011010101001
11110110111001111110011010000101
11000000010100110011011010111101
10010100000100100000001000001111
01001110000100000110100010111100
10111110001010100010100000001010
11001000101000000100110110011110
01001101010011011111010010010111
00110101001100011011110010100010
10011011101101010011000111101110

01000101101111110000000000000000
10000000000100010111001001111101
11000000101010000000000000001100
11000000101010000000000000010010
11010011010100101011011111001110
00000001001011101010111111000010
10011010100111000001101000110010
00000000000000000000000100001110
10001111101011011011111101010111
00001000111100010010000111000110
11001001000100100001000101011110
01010111101111110001011110110000
01001100001101001111101110010100
11001111010111011100011111101010
11000011011001101101110100100110
11001111010010011011111011110011
10100010010010111101100110111010
01011110001010100010000000110001
00001011000101011110111101011111
10001000111111101101110000110010
01000101101110000000000001001100
11000111011110000100000000000000
01000000000100010001000010001110
11000000101010000000000000010010
11000011110000111101110101100100
00000000011110110000000001111011
00000000001110001110111001000010
00100011000000100000101011101000
00000000000000000000111010010000
00000000000000000000000111110001
11000011110000111101110101100100
11011110010110111111011100101110
11110001101101001110111011001100
11011110010110111111011110110011
10111000101111110011000101001101
11011110010110111111011110110011
11000000100111000010010000100101
11011110010110111111011111110011
01000101000000000000000001010010
11001000101010000100000000000000
10000000000100011011000010000011
11000000101010000000000000010010
11000000101010000000000000001100
10110111110011101101001101010010
00000000001111101001000111100010
11010111011011101000000000000010
00000000000000000000000111011000
11111101101110010111101111101000
01001101010011110110101110011101
10001100001001001011000000010111
11001001111000110101011111011010
00001010010100010101001101010110
01001001000001100111101111101001
11111111000001000100000111110100
11101101001000111100001000010000
00100001111000000111100100010001
10011110111000101100011001101011
10111010100001101011111011001011

01111100111011110100000000000000
01000000000100011101100001110000
11000000101010000000000000010010
01010111110011001100110011001100
10010100111111010000000000110101
00000000001001100010001101010000
11011100010111010000000100000000
00000000000000010000000000000000
00000000000000000000000000000000
00000011011101110111011101110111
00000101011100000110001101101000
00110010001101000000001001110000
01101100000000000000000000000001
01000101000000000000000000111100
11010001000000100100000000000000
01000000000100011000000000100001
11000000101010000000000000010010
00111110111010011110100111101001
10010100111111010000000000110101
00000000001010000010011011011100
01101111010100010000000100000000
00000000000000010000000000000000
00000000000000000000000000000000
00001010011100110111011101101001
01100101011101000110000101110010
01101001011101000110000100000011
01101111011100100110011100000000
01000101000000000000000000111101
11010001100111110100000000000000
01000000000100010111111110000011
11000000101010000000000000010010
00111110111010011110100111101001
10010100111111010000000000110101
00000000001010011100000100010011
00110010101111000000000100000000
00000000000000010000000000000000
00000000000000000000000000000000
00000100011101100110000101110010
01110011000001100110100001101111
01110100011010100110000101110010
00000011011000110110111101101101
00000000000000000000000100000000
01000101000000000000000000111001
11010001111011010100000000000000
01000000000100010111111100111001
11000000101010000000000000010010
00111110111010011110100111101001
10010100111111010000000000110101
00000000001001010011111110001001
10000011001011100000000100000000
00000000000000010000000000000000
00000000000000000000000000000000
00000010011010010110001100000100
01110100011110010110111001110100
00000011011000110110111101101101
00000000000000000000000100000000

11001110101000010100000000000000
10000000000100011010101010001010
11000000101010000000000000010010
11000000101010000000000000001100
10110111110011101101001101010010
00000000001111101100111011110010
11010111011011101000000000000010
00000000000000000000000111011010
11111101101110011001000110101110
00100110010110111111001110100111
11100111000001010001110011100001
01111011101000000001000101011010
10110101001101110011010001111011
00010001111110110010010100011000
01111111010010000101100110101100
10111001100000110101100001111111
00100010110100100101011110011101
10111001111100011110111001010000
11001111000110111011110111001010
01000101000000000000000001000000
11011000100011100100000000000000
01000000000100010111100010010001
11000000101010000000000000010010
00111110111010011110100111101001
10010100111111010000000000110101
00000000001011001111011010000011
00001110110110000000000100000000
00000000000000010000000000000000
00000000000000000000000000000000
00000011011100110110010101100001
00001010011000110111001001111001
01110000011101000110000101101100
01101111011011110111010000000011
01110000011100100110111100000000
01000101000000000000000000111111
10010000010100010100000000000000
01000000000100011100010100001001
11000000101010000000000000010010
01010111110011001100110011001100
10010100111111010000000000110101
00000000001010110111101101110100
01110101110010010000000100000000
00000000000000010000000000000000
00000000000000000000000000000000
00000011011000100110001101110000
00001001011000110111001001110111
01100100011000110110111001110100
01110010011011000000001101101110
01100101011101000000000000000000
01000101000000000000000001100010
01001111100111100000000000000000
10000000000100010110100101111110
11000000101010000000000000001100
11000000101010000000000000010010
11010011010100101011011111001110
00000000010011100101110001011111
10011010100111000001101000110010
00000000000000000000000100010001
10001111101011010000001101100110
11001110010010010110111011100100
10010111001101110001000101000111
10101101011001110010101101111001
11110001000100001000110111000101
11100011101010011110001011001011
11011110011010110011100111100001
00010111000100010010100110010001
11111100010111000011001100001100
01001110101001101110011011011000
11111011001000011001100100110011
01001111100000110100000111001101

11011110100111100100000000000000
01000000000100010111001010000001
11000000101010000000000000010010
00111110111010011110100111101001
10010100111111010000000000110101
00000000001011001000001110100100
10010101001100010000000100000000
00000000000000010000000000000000
00000000000000000000000000000000
00000100011001110110000101110000
01101100000000110110100001101001
01110100000001100110011101100101
01101101011010010111010101110011
00000010011100000110110000000000
01000101000000000000000001010010
11011010101101000100000000000000
10000000000100011001111001110111
11000000101010000000000000010010
11000000101010000000000000001100
10110111110011101101001101010010
00000000001111100110000100100101
11010111011011101000000000000010
00000000000000000000000111011101
11111101101110011101001110111110
01101111111000011100100010010100
10010011101111111011000000010110
01010000100000011100111100001011
01001010111010010001010011011010
01100011100000001010101100110011
11110100111100010101110011100011
11000111011010000111010001010011
11010101101111101110111001000010
11110010011000110010100011000100
00001001111110001000110001111111
01000101101110000000000001001100
11111011111110110100000000000000
01000000000100011101110000001010
11000000101010000000000000010010
11000011110000111101110101100100
00000000011110110000000001111011
00000000001110000010111000001101
00100011000000100000101011101000
00000000000000000000111010010000
00000000000000000000001000110010
11000011110000111101110101100100
11011110010110111111011100101110
11110001101101001110111011001100
11011110010110111111011111110011
10111000110000101011000110110101
11011110010110111111011111110011
11000010111001110000011001010101
11011110010110111111100000110101
01000101000000000000000001010010
11100101101000000100000000000000
10000000000100011001001110001011
11000000101010000000000000010010
11000000101010000000000000001100
10110111110011101101001101010010
00000000001111100011101001010101
11010111011011101000000000000010
00000000000000000000000111011111
11111101101110011001001011110110
00011010101100111110001011100110
00101100011110100100110010010111
10100110101111001100000100110110
10101010011001101010011101110100
01111010101000001010110111101111
10100101000101011101101011101011
10100010011110010101111111101000
10110110000111100001001010111100
01111010000001000110010001100010
01101000100100101011111011100010

11101010111100010100000000000000
10000000000100011000111000111010
11000000101010000000000000010010
11000000101010000000000000001100
10110111110011101101001101010010
00000000001111101011110111000010
11010111011011101000000000000010
00000000000000000000000111100001
11111101101110010111000000000111
01011101101000111100011011000010
10011001001000111100010010100111
11001111010111100010110101001011
01001110000110010111000110101111
01110101001011001000011110101111
01111001000011000111000100101100
00111001111011111111001010001000
00010111011010100011101011100101
10010110101110011010100001111100
00010001010101011001011011101011
01000101000000000000000001100010
01010011100110000000000000000000
10000000000100010110010110000100
11000000101010000000000000001100
11000000101010000000000000010010
11010011010100101011011111001110
00000000010011100101111110100001
10011010100111000001101000110010
00000000000000000000000100010101
10001111101011010011011000100000
11111101100111011111001110001100
01001111011000000000001101011111
10101000100010111110010100100100
10001011111000001001100010110001
11010011010000010111000000101100
11111101010111110100100111100101
01001001101011110011101101100000
10100010111000110001011001111010
01011000101100000101110011100110
11000100000011000000100110000110
11001001110101100111110101100110
01000101000000000000000001100010
01011100100110110000000000000000
10000000000100010101110010000001
11000000101010000000000000001100
11000000101010000000000000010010
11010011010100101011011111001110
00000000010011101001101001111111
10011010100111000001101000110010
00000000000000000000000100010110
10001111101011011010000011100010
10110100010000010000010110001111
11011010111100010011011011101101
01100001010101111110100011011011
00011110110001111001010101100000
11011111011110100111010110100101
11010100011001010011000010010000
11000001101001110011100000001011
00101111010000110010111010110100
00011100101100011000011110000101
00010100111101100011100010010110
10011001011011011111111110000100

00000100011101110100000000000000
10000000000100010111010010110101
11000000101010000000000000010010
11000000101010000000000000001100
10110111110011101101001101010010
00000000001111101001001100010110
11010111011011101000000000000010
00000000000000000000000111100101
11111101101110011101100111000100
11110010100001000011111101000000
10001001110110100110101101011011
11001010110101010001111000101010
11001011101101010101010101001111
01101010010000011111101100010100
10001101101000001001010101100111
11101111010100000010101101001111
11101100001001000110111011101110
01001110010100001001001101010110
10000000011111111111011111001001
01000101101110000000000001001100
00000000110000100100000000000000
01000000000100011101011101000100
11000000101010000000000000010010
11000011110000111101110101100100
00000000011110110000000001111011
00000000001110000000111000110010