01011011110001100100000000000000
01000000000100011111100110011001
11000000101010000000000000010010
01010111110011001100110011001100
10010100111111010000000000110101
00000000001001101111100100001101
00000110101000000000000100000000
00000000000000010000000000000000
00000000000000000000000000000000
00000011011101110111011101110111
00000101011100000110001101101000
00110010001101000000001001110000
01101100000000000000000000000001
01000101000000000000000000111100
00000000101111000100000000000000
01000000000100010101000001101000
11000000101010000000000000010010
00111110111010011110100111101001
10010100111111010000000000110101
00000000001010000011001110101001
10110001001110100000000100000000
00000000000000010000000000000000
00000000000000000000000000000000
00001011011100110110010101110010
01100011011001010110101001100101
01111010011101010111001101100001
00000010011100000110110000000000
01000101000000000000000000111101
00000001011100110100000000000000
01000000000100010100111110110000
11000000101010000000000000010010
00111110111010011110100111101001
10010100111111010000000000110101
00000000001010011110100011110000
00001010110111110000000100000000
00000000000000010000000000000000
00000000000000000000000000000000
00000100011101100110000101110010
01110011000001100110100001101111
01110100011010100110000101110010
00000011011000110110111101101101
00000000000000000000000100000000
01000101000000000000000001000111
11001001111100100000000000000000
00111100000100011100101100100110
00111110111010011110100111101001
11000000101010000000000000010010
00000000001101011001010011111101
00000000001100111001010110101110
10000110001101001000000110000000
00000000000000010000000000000001
00000000000000000000000000000000
00000110011001010111000001100011
01101000001100100011010000000010
01110000011011000000000000000000
00000001000000000000000111000000
00001100000000000000000100000000
00000001000000000000000000000001
00101100000000000000010011000011
01000101000000000000000001000000
00000010101011000100000000000000
01000000000100010100111001110100
11000000101010000000000000010010
00111110111010011110100111101001
10010100111111010000000000110101
00000000001011000111010010110001
10100100001001000000000100000000
00000000000000010000000000000000
00000000000000000000000000000000
00000100011001110110000101110000
01101100000000110110100001101001
01110100000001100110011101100101
01101101011010010111010101110011
00000010011100000110110000000000
01000101000000000000000000111001
00000100101101110100000000000000
01000000000100010100110001110000
11000000101010000000000000010010
00111110111010011110100111101001
10010100111111010000000000110101
00000000001001010010011000101000
10011100100011110000000100000000
00000000000000010000000000000000
00000000000000000000000000000000
00000010011010010110001100000100
01110100011110010110111001110100
00000011011000110110111101101101
00000000000000000000000100000000
01000101000000000000000000111001
00000100111101010100000000000000
01000000000100010100110000110010
11000000101010000000000000010010
00111110111010011110100111101001
10010100111111010000000000110101
00000000001001011011011111101001
11111010011001000000000100000000
00000000000000010000000000000000
00000000000000000000000000000000
00000111011101000111011101101001
01110100011101000110010101110010
00000011011000110110111101101101
00000000000000000000000100000000
01000101000000000000000001000010
00000101001110000100000000000000
01000000000100010100101111100110
11000000101010000000000000010010
00111110111010011110100111101001
10010100111111010000000000110101
00000000001011100000111100000111
10010011010100010000000100000000
00000000000000010000000000000000
00000000000000000000000000000000
00001010011100110110100101110100
01100101011000110110100001100101
01100011011010110011001000000101
01101111011100000110010101110010
01100001000000110110001101101111
01101101000000000000000000000001
01000101000000000000000000111111
00000101100010000100000000000000
01000000000100010100101110011001
11000000101010000000000000010010
00111110111010011110100111101001
10010100111111010000000000110101
00000000001010111010100000011101
00110011111011100000000100000000
00000000000000010000000000000000
00000000000000000000000000000000
00000101011001100110111101101110
01110100011100110000011101100111
01110011011101000110000101110100
01101001011000110000001101100011
01101111011011010000000000000000
01000101000000000000000000111100
00000101101111010100000000000000
01000000000100010100101101100111
11000000101010000000000000010010
00111110111010011110100111101001
10010100111111010000000000110101
00000000001010000011100010100111
10111110110000000000000100000000
00000000000000010000000000000000
00000000000000000000000000000000
00000011011000110110010001101110
00000110011001000110001101110011
01100001011000010111001100000011
01101110011001010111010000000000
01000101000000000000000001000010
00000110110101010100000000000000
01000000000100010100101001001001
11000000101010000000000000010010
00111110111010011110100111101001
10010100111111010000000000110101
00000000001011100100000011011110
11100100011110100000000100000000
00000000000000010000000000000000
00000000000000000000000000000000
00001000011100000110110001100001
01110100011001100110111101110010
01101101000001110111010001110111
01101001011101000111010001100101
01110010000000110110001101101111
01101101000000000000000000000001
01000101000000000000000011010101
00000111001000100000000000000000
11111011000100011100111001101000
00111110111010011110100111101001
11000000101010000000000000010010
00000000001101011001010011111101
00000000110000010111001101100111
10011100001011011000000110000000
00000000000000010000000000000101
00000000000000000000000000000000
00000011011000010110001001110011
00000101011101000111011101101001
01101101011001110000001101100011
01101111011011010000000000000000
00000001000000000000000111000000
00001100000000000000010100000000
00000001000000000000000000000000
10101010000000000001101100000101
01100011011100110011000100111001
00110110000000110111011101100001
01100011000010110110010101100100
01000101000000000000000001001001
01101010111100110100000000000000
01000000000100011110101001011101
11000000101010000000000000010010
01010111110011001100110011001100
10010100111111010000000000110101
00000000001101011111101010010110
11101001000011100000000100000000
00000000000000010000000000000000
00000000000000000000000000000000
00000101011101100110100101100100
01100101011011110000011101100110
01110111011000010111011100110011
00101101001100010000001101100110
01101110011000010000010101100110
01100010011000110110010001101110
00000011011011100110010101110100
00000000000000000000000100000000
01000101000000000000000001010010
01000111000110010100000000000000
10000000000100010011001000010011
11000000101010000000000000010010
11000000101010000000000000001100
10110111110011101101001101010010
00000000001111100011101101111111
11010111011011101000000000000010
00000000000000000000000101111000
11111101101110011111111110000000
11010111001010001110010111010010
10000010001010001111100011011001
11100000110011000001000110010011
01001001111110001110101111000111
01101110010111100000110111000111
11101011011101000100000001100100
10011000010010110111010011011111
00110111101010110101010000111010
10010100110000010110101001101010
00001111011010001011101011000100
01000101000000000000000001010010
01001110111101110100000000000000
10000000000100010010101000110101
11000000101010000000000000010010
11000000101010000000000000001100
10110111110011101101001101010010
00000000001111100010110000101101
11010111011011101000000000000010
00000000000000000000000101111010
11111101101110011100101101100011
11000001011000101101111010001000
00000100010101011000010110010011
10000111000101110010101110100111
00110001010111110001011001001110
00001011000000001000001111110111
11001100101001010111010110000111
01101110110111001010001100101111
11100001110011000010010100110000
01001101101111010011010001111111
01111011000000111111110011001110
01000101000000000000000000111111
01110101100100110100000000000000
01000000000100011101111111000111
11000000101010000000000000010010
01010111110011001100110011001100
10010100111111010000000000110101
00000000001010111111000111010100
11000000110011110000000100000000
00000000000000010000000000000000
00000000000000000000000000000000
00000010011000010110001100001010
01100100011101010110001101101011
01100100011101010110001101101011
01100111011011110000001101100011
01101111011011010000000000000000
01000101000000000000000001100010
00010100001011010000000000000000
10000000000100011010010011101111
11000000101010000000000000001100
11000000101010000000000000010010
11010011010100101011011111001110
00000000010011101000000000000011
10011010100111000001101000110010
00000000000000000000000011011000
10001111101011011101010100111110
10111000010101000111010000011001
11000001111001101001011010100100
10111100001010110111100000100010
11000010000001110101101000110100
11110001000001001010011010000001
01110000101110100100010111101000
10011101001011001000100110111000
10110111000110000011000100100001
01010011101101010001100011000010
10011111010101111000100000011110
01110000011101011110011011101010
01000101000000000000000001000000
01111000110110000100000000000000
01000000000100011101110010000001
11000000101010000000000000010010
01010111110011001100110011001100
10010100111111010000000000110101
00000000001011000110110010101001
01010000100001110000000100000000
00000000000000010000000000000000
00000000000000000000000000000000
00000010011000010110010000001011
01100100011011110111010101100010
01101100011001010110001101101100
01101001011000110110101100000011
01101110011001010111010000000000
01000101000000000000000001010000
01111001010101100100000000000000
01000000000100011101101111110011
11000000101010000000000000010010
01010111110011001100110011001100
10010100111111010000000000110101
00000000001111000101111110110101
11101111100011000000000100000000
00000000000000010000000000000000
00000000000000000000000000000000
00010010011100100011000100101101
00101101001011010111001101101110
00101101011011110111100001110101
01110000001101010010110101100110
00110101011001100111101000001011
01100111011011110110111101100111
01101100011001010111011001101001
01100100011001010110111100000011
01100011011011110110110100000000
01000101000000000000000001000110
01111010000101110100000000000000
01000000000100011101101100111100
11000000101010000000000000010010
01010111110011001100110011001100
10010100111111010000000000110101
00000000001100100000110000110111
11001001000011110000000100000000
00000000000000010000000000000000
00000000000000000000000000000000
00000011011101110111011101110111
00010000011001110110111101101111
01100111011011000110010101100001
01100100011100110110010101110010
01110110011010010110001101100101
01110011000000110110001101101111
01101101000000000000000000000001
01000101000000000000000000111010
01111100101010100100000000000000
01000000000100011101100010110101
11000000101010000000000000010010
01010111110011001100110011001100
10010100111111010000000000110101
00000000001001101000011110111011
10100110100110100000000100000000
00000000000000010000000000000000
00000000000000000000000000000000
00000010011010010011100100000101
01111001011101000110100101101101
01100111000000110110001101101111
01101101000000000000000000000001
01000101000000000000000001001110
01111101001010110100000000000000
01000000000100011101100000100000
11000000101010000000000000010010
01010111110011001100110011001100
10010100111111010000000000110101
00000000001110101000000011100011
01001110110001100000000100000000
00000000000000010000000000000000
00000000000000000000000000000000
00010000011100100011010100101101
00101101001011010111001101101110
00101101001101010110011101101111
00110111011110010110111001100101
00110110000010110110011101101111
01101111011001110110110001100101
01110110011010010110010001100101
01101111000000110110001101101111
01101101000000000000000000000001
01000101000000000000000001010010
01010010100011100100000000000000
10000000000100010010011010011110
11000000101010000000000000010010
11000000101010000000000000001100
10110111110011101101001101010010
00000000001111100011101111011010
11010111011011101000000000000010
00000000000000000000000101111101
11111101101110011111110000110101
11110001111011110100111101111001
10110000100101000000010000110101
11001000110100001101100000110111
11110010110011100010111011011011
11010111110000111011010110001011
10111111001010001100000110001110
01100010001110110110011110110101
00000011100011010101001001010010
10011111010100100010110101110110
00110101000111011101001000011010
01000101000000000000000011110001
00000000000000000100000000000000
01000000000100011011011110100010
11000000101010000000000000001010
11000000101010000000000011111111
00000000100010100000000010001010
00000000110111010101110001010001
00010001000010100100001011010101
11000000101010000000000000001010
00000000100010100000000011000111
00000000000000000010000001000110
01000101010001010100010001000100
01001000010001000100001101000100
01000001010001000100000101000011
01001110010001010100010101000101
01001110010001100100010001000011
01000001010000110100000101000011
01000001010000110100000101000011
01000001010000010100000100000000
00100000010001100100100001000101
01010000010001100100001101000101
01000101101110000000000001001100
11100010000101100100000000000000
01000000000100011111010111101111
11000000101010000000000000010010
11000011110000111101110101100100
00000000011110110000000001111011
00000000001110001111011001110111
00100011000000100000101011101000
00000000000000000000111011010001
00000000000000000000001110000110
11000011110000111101110101100100
11011110010110111111001100011011
01001111011000110110001110011001
11011110010110111111010010100101
10111001010011001100011010001101
11011110010110111111010010100101
11001001111101001110100110100010
11011110010110111111010011101000
01000101101110000000000001001100
00001011010000000100000000000000
01000000000100010110100010000100
11000000101010000000000000010010
10000001010001101000010000100100
00000000011110110000000001111011
00000000001110000010001001101000
00100011000000100000101011101000
00000000000000000000111011010001
00000000000000000000001110001100
11000011110000111101110101100100
11011110010110111111001100011011
01001111011000110110001110011001
11011110010110111111000011010010
10110111101010110010110011000100
11011110010110111111000011010010
10111100111110011000000001000111
11011110010110111111010011101110
01000101101110000000000001001100
00011010110000010100000000000000
01000000000100011100100001101100
11000000101010000000000000010010
10000110000000000001000000000001
00000000011110110000000001111011
00000000001110001110110011101011
00100011000000100000101011101000
00000000000000000000111011010001
00000000000000000000001110010100
11000011110000111101110101100100
11011110010110111111001100011011
01001111011000110110001110011001
11011110010110111111000010111001
10111000110010101001110011010000
11011110010110111111000010111001
11011010111110001111000001011001
11011110010110111111010011110111
01000101000000000000000001010010
01011000001010110100000000000000
10000000000100010010000100000001
11000000101010000000000000010010
11000000101010000000000000001100
10110111110011101101001101010010
00000000001111100000011110010101
11010111011011101000000000000010
00000000000000000000000110000000
11111101101110010011001001000111
10001111000000101001111010111011
10001100100010011110000000111110
11111000001000110110011110001101
10101110011010011110001101000011
10001001111111100100100110101100
11111010000111010001010111110001
11010111101111101000000001100100
01001110001110000000100011101001
10010011001011010100011100111010
11111100110010111010010001101100
01000101101110000000000001001100
00011001001100000100000000000000
01000000000100011111110011110010
11000000101010000000000000010010
00111110110100100010010000111010
00000000011110110000000001111011
00000000001110001010001111001011
00100011000000100000101011101000
00000000000000000000111011010001
00000000000000000000001110100001
11000011110000111101110101100100
11011110010110111111001100011011
01001111011000110110001110011001
11011110010110111111000011001010
10111001000010110100101011001110
11011110010110111111000011001010
11000011011000000000110101011111
11011110010110111111010100000100
01000101000000000000000000110110
10011011101101000100000000000000
01000000000100011011100110101111
11000000101010000000000000010010
01010111110011001100110011001100
10010100111111010000000000110101
00000000001000100110101011010100
00001111110100000000000100000000
00000000000000010000000000000000
00000000000000000000000000000000
00000101011100000110001101101000
00110010001101000000001001110000
01101100000000000000000000000001
01000101000000000000000000111100
10011011110100000100000000000000
01000000000100011011100110001101
11000000101010000000000000010010
01010111110011001100110011001100
10010100111111010000000000110101
00000000001010001011010001010110
11100110000100000000000100000000
00000000000000010000000000000000
00000000000000000000000000000000
00001010011100110111011101101001
01100101011101000110000101110010
01101001011101000110000100000011
01101111011100100110011100000000
01000101000000000000000001000101
10011100001010100100000000000000
01000000000100011011100100101010
11000000101010000000000000010010
01010111110011001100110011001100
10010100111111010000000000110101
00000000001100011110110010001000
10011001011000110000000100000000
00000000000000010000000000000000
00000000000000000000000000000000
00001011011100110111100101101110
01100100011010010110001101100001
01110100011010010110111101101110
00000111011101000111011101101001
01110100011101000110010101110010
00000011011000110110111101101101
00000000000000000000000100000000
01000101000000000000000001000000
10011100011101100100000000000000
01000000000100011011100011100011
11000000101010000000000000010010
01010111110011001100110011001100
10010100111111010000000000110101
00000000001011001000110000110000
10010000110111110000000100000000
00000000000000010000000000000000
00000000000000000000000000000000
00000100011001110110000101110000
01101100000000110110100001101001
01110100000001100110011101100101
01101101011010010111010101110011
00000010011100000110110000000000
01000101000000000000000001010010
01011110011101110100000000000000
10000000000100010001101010110101
11000000101010000000000000010010
11000000101010000000000000001100
10110111110011101101001101010010
00000000001111100111000010110110
11010111011011101000000000000010
00000000000000000000000110000010
11111101101110010110100000111010
11111100111011001110100001100010
10110011010100001100110000001010
10010101010110011011000101001001
10001000010000000100100000011000
01100010110001011100010100111111
11010010001110011011001111001100
11001110110010110000010101110011
10110010011101111000100000110010
01000111100010000011110110110000
00111110000001000110110011101001
01000101000000000000000000111001
10100001000101000100000000000000
01000000000100011011010001001100
11000000101010000000000000010010
01010111110011001100110011001100
10010100111111010000000000110101
00000000001001011110100011000100
11001101110000110000000100000000
00000000000000010000000000000000
00000000000000000000000000000000
00000111011101000111011101101001
01110100011101000110010101110010
00000011011000110110111101101101
00000000000000000000000100000000
01000101000000000000000000111010
10100010000101110100000000000000
01000000000100011011001101001000
11000000101010000000000000010010
01010111110011001100110011001100
10010100111111010000000000110101
00000000001001100011111011110101
11001011011010000000000100000000
00000000000000010000000000000000
00000000000000000000000000000000
00000010011100100110001100000101
01110010011011000110001101100100
01101110000000110110001101101111
01101101000000000000000000000001
01000101000000000000000000111110
10100101100111100100000000000000
01000000000100011010111110111101
11000000101010000000000000010010
01010111110011001100110011001100
10010100111111010000000000110101
00000000001010101000111000110111
10010011010001100000000100000000
00000000000000010000000000000000
00000000000000000000000000000000
00001000011000010111001101110011
01100101011011010110001001101100
01111001000000110110001101101111
01100101000000110110100101101110
01110100000000000000000000000001
01000101000000000000000001000010
10101000100100100100000000000000
01000000000100011010110011000101
11000000101010000000000000010010
01010111110011001100110011001100
10010100111111010000000000110101
00000000001011100111111100111100
10101010010101100000000100000000
00000000000000010000000000000000
00000000000000000000000000000000
00001000011100000110110001100001
01110100011001100110111101110010
01101101000001110111010001110111
01101001011101000111010001100101
01110010000000110110001101101111
01101101000000000000000000000001
01000101000000000000000001010010
01101000101111000100000000000000
10000000000100010001000001110000
11000000101010000000000000010010
11000000101010000000000000001100
10110111110011101101001101010010
00000000001111101100011010110110
11010111011011101000000000000010
00000000000000000000000110000100
11111101101110011010111011111001
10101100110001110010000100011000
10111001110011111110111010000001
00010011111100101010001010111001
11001111000111001111010111010001
11101100000100001111001011010110
00001011101100101110001101101001
00100101000000111101001011111101
10100001011101100011100011101000
10111110111010101011110011011010
10100011011011110011100000110011
01000101101110000000000001001100
01111001010111000100000000000000
01000000000100011000111111010110
11000000101010000000000000010010
11010101111011111001101000001100
00000000011110110000000001111011
00000000001110000010100010111011
00100011000000100000101011101000
00000000000000000000111011010001
00000000000000000000001110111101
11000011110000111101110101100100
11011110010110111111001100011011
01001111011000110110001110011001
11011110010110111111000100001100
10110111101010010101000101111100
11011110010110111111000100001100
10111110101011110011110001011010
11011110010110111111010100100000
01000101101110000000000001001100
00011111011001110100000000000000
01000000000100011011100010011111
11000000101010000000000000010010
11000011110000111101110101100100
00000000011110110000000001111011
00000000001110001000111001000001
00100011000000100000101011101000
00000000000000000000111011010001
00000000000000000000001111000110
11000011110000111101110101100100
11011110010110111111001100011011
01001111011000110110001110011001
11011110010110111111010011101000
10111000110101001110000001001101
11011110010110111111010011101000
11000001100000011100110011010101
11011110010110111111010100101001
01000101000000000000000001100010
00100010100100010000000000000000
10000000000100011001011010001011
11000000101010000000000000001100
11000000101010000000000000010010
11010011010100101011011111001110
00000000010011100001110001000010
10011010100111000001101000110010
00000000000000000000000011011110
10001111101011010010000011101111
10100100010000011111011000111101
10010111100101100000001010000010
11000100000001110111111110111011
11010100010011110101101110011101
11001011000100111100011111011010
11001100111000101110001010101111
01111101001110111011101010111100
10000001011000000111111010000011
01001001110001111110101100000000
01110111110010000010100110011000
01100011101011111001011000111011
01000101000000000000000101001000
00100010100101000000000000000000
01000000000100011001011001011101
11000000101010000000000000001100
11111111111111111111111111111111
00000000010001000000000001000011
00000001001101001011001111111011
00000001000000010000011000000000
11000101001000011110110111000011
00000000000000000000000000000000
11000000101010000000000000001100
00000000000000000000000000000000
00000000000000000000000000000000
00000000000000000000000000000000
01000100011011010101011111010110
00001110110101100000000000000000
00000000000000000000000000000000
00000000000000000000000000000000
00000000000000000000000000000000
00000000000000000000000000000000
00000000000000000000000000000000
01000101000000000000000101001000
00100010100110000000000000000000
01000000000100011001011001011001
11000000101010000000000000001100
11111111111111111111111111111111
00000000010001000000000001000011
00000001001101001010111111111011
00000001000000010000011000000000
11000101001000011110110111000011
00000100000000000000000000000000
11000000101010000000000000001100
00000000000000000000000000000000
00000000000000000000000000000000
00000000000000000000000000000000
01000100011011010101011111010110
00001110110101100000000000000000
00000000000000000000000000000000
00000000000000000000000000000000
00000000000000000000000000000000
00000000000000000000000000000000
00000000000000000000000000000000
01000101000000000000000001010010
01110110111100100100000000000000
10000000000100010000001000111010
11000000101010000000000000010010
11000000101010000000000000001100
10110111110011101101001101010010
00000000001111101110111000111010
11010111011011101000000000000010
00000000000000000000000110000111
11111101101110010110101001110000
11100110011110011110010011110110
01100011101101001100001001000001
01000001100110110010001111110110
11100011101011100001001000010101
01101110110001101101100000011000
11101111100000000110111110010001
00100011110110101001101000011010
11111011100110110111101011111010
00101010110101011011000101011100
01111111101000111011010010001101
01000101000000000000000000111010
11000011010011000100000000000000
01000000000100011001001000010011
11000000101010000000000000010010
01010111110011001100110011001100
10010100111111010000000000110101
00000000001001100111011111010110
10000111110101110000000100000000
00000000000000010000000000000000
00000000000000000000000000000000
00000011011101110111011101110111
00000101011100000110001101101000
00110010001101000000001001110000
01101100000000000000000000000001
01000101000000000000000001010010
01111000100010010100000000000000
10000000000100010000000010100011
11000000101010000000000000010010
11000000101010000000000000001100
10110111110011101101001101010010
00000000001111100100110010011111
11010111011011101000000000000010
00000000000000000000000110001001
11111101101110011101110000011100
00001001000010010110100110100011
10111111010110001101010110000101
11110101000101100111111000001111
10101001000011111101010001110100
10011111011100110011010111100111
11001011000111101011001100011100
11100010100101111100111010111110
11001100110011001100101101111100
01110101110100110011011011011000
10100100010010000101011011010111
01000101000000000000000000111010
11001000111001010100000000000000
01000000000100011000110001111010
11000000101010000000000000010010
01010111110011001100110011001100
10010100111111010000000000110101
00000000001001100010110110011101
00011111010100010000000100000000
00000000000000010000000000000000
00000000000000000000000000000000
00000110011100000110111101100011
01111010011101000110000100000010
01110111011100000000001001110000
01101100000000000000000000000001
01000101000000000000000000110110
11001001000101100100000000000000
01000000000100011000110001001101
11000000101010000000000000010010
01010111110011001100110011001100
10010100111111010000000000110101
00000000001000100000100100100110
01110001011111100000000100000000
00000000000000010000000000000000
00000000000000000000000000000000
00000101011100000110001101101000
00110010001101000000001001110000
01101100000000000000000000000001
01000101000000000000000000111100
11001001100101100100000000000000
01000000000100011000101111000111
11000000101010000000000000010010
01010111110011001100110011001100
10010100111111010000000000110101
00000000001010000101111011010001
10001010010011000000000100000000
00000000000000010000000000000000
00000000000000000000000000000000
00001011011100110110010101110010
01100011011001010110101001100101
01111010011101010111001101100001
00000010011100000110110000000000
01000101000000000000000001010000
11001011000111010100000000000000
01000000000100011000101000101100
11000000101010000000000000010010
01010111110011001100110011001100
10010100111111010000000000110101
00000000001111000110101000011111
11100101001000100000000100000000
00000000000000010000000000000000
00000000000000000000000000000000
00010010011100100011000100101101
00101101001011010111001101101110
00101101011011110111100001110101
01110000001101010010110101100110
00110101011001100111101000001011
01100111011011110110111101100111
01101100011001010111011001101001
01100100011001010110111100000011
01100011011011110110110100000000
01000101000000000000000001001010
11001100011001010100000000000000
01000000000100011000100011101010
11000000101010000000000000010010
01010111110011001100110011001100
10010100111111010000000000110101
00000000001101101111010011001001
01001001000000010000000100000000
00000000000000010000000000000000
00000000000000000000000000000000
00001101011001000110111001101110
00110101001100000011011001111001
01110010011000100110000101100111
01110010011001110000101001100011
01101100011011110111010101100100
01100110011100100110111101101110
01110100000000110110111001100101
01110100000000000000000000000001
01000101101110000000000001001100
10010110100010010100000000000000
01000000000100011000001000101110
11000000101010000000000000010010
01011110000101110000001001100000
00000000011110110000000001111011
00000000001110001110010001110111
00100011000000100000101011101000
00000000000000000000111100111001
00000000000000000000001000000111
11000011110000111101110101100100
11011110010110111111010100101001
01001001010100100011000110011111
11011110010110111111000100110101
10110111100111011101001000110111
11011110010110111111000100110101
10111111001110011100000011101101
11011110010110111111010101010111
01000101000000000000000001000011
11001100011111100100000000000000
01000000000100011000100011011000
11000000101010000000000000010010
01010111110011001100110011001100
10010100111111010000000000110101
00000000001011111100000001101011
11011000000011110000000100000000
00000000000000010000000000000000
00000000000000000000000000000000
00000011011000100110100101100100
00000001011001110000101101100100
01101111011101010110001001101100
01100101011000110110110001101001
01100011011010110000001101101110
01100101011101000000000000000000
01000101000000000000000001000011
01101010010001000100000000000000
01000000000100011110011011011000
11000000101010000000000000010010
00111110111010011110100111101001
10010100111111010000000000110101
00000000001011111011110000110001
11011000000011110000000100000000
00000000000000010000000000000000
00000000000000000000000000000000
00000011011000100110100101100100
00000001011001110000101101100100
01101111011101010110001001101100
01100101011000110110110001101001
01100011011010110000001101101110
01100101011101000000000000000000
01000101000000000000000001010010
10001010000011110100000000000000
10000000000100011110111100011100
11000000101010000000000000010010
11000000101010000000000000001100
10110111110011101101001101010010
00000000001111100000011111110010
11010111011011101000000000000010
00000000000000000000000110001100
11111101101110011111100001101111
00100011101111111011101101110101
01101100111101110011011100011111
00111110011011110010010000011011
01000101001100100011110001110001
01011001100010101101001010011010
00011011110110111000111111111111
00010001000001011011100010001101
10000100011100000111110111001000
00100110101011111011000001000001
11001111100111011111001011010110
01000101101110000000000001001100
00110110011011110100000000000000
01000000000100011010000110010111
11000000101010000000000000010010
11000011110000111101110101100100
00000000011110110000000001111011
00000000001110000001101001011010
00100011000000100000101011101000
00000000000000000000111100111001
00000000000000000000001000011001
11000011110000111101110101100100
11011110010110111111010100101001
01001001010100100011000110011111
11011110010110111111010100101001
10111000101011011100001010110101
11011110010110111111010100101001
11000001000111001010100001001101
11011110010110111111010101101001
01000101000000000000000001010010
10010000111100000100000000000000
10000000000100011110100000111011
11000000101010000000000000010010
11000000101010000000000000001100
10110111110011101101001101010010
00000000001111100010101000110100
11010111011011101000000000000010
00000000000000000000000110001110
11111101101110010010100101001101
01010100000110001101010110010110
11011110100110110100110011100101
11001010111010000100001111001010
10001111010101000011001001011011
00101001111111110111010100001101
01111111101011110011011001000101
01111010111100011101011000110001
01110001101011101001111111001111
01110100100111000010100001101011
10010010000000101100001101100100
01000101000000000000000001010010