11111101100110000100000000000000
01000000000100011110010110010100
11000000101010000000000000010010
10000110000000000001000000000001
00000000011110110000000001111011
00000000001110001010110111100011
00100011000000100000101011101000
00000000000000000000111010010000
00000000000000000000001011111101
11000011110000111101110101100100
11011110010110111111011100101110
11110001101101001110111011001100
11011110010110111111010011110111
10111001010001010001011101000110
11011110010110111111010011110111
11000000110001001010111011101101
11011110010110111111100100000100
01000101000000000000000001010010
01011101100101000100000000000000
10000000000100010001101110011000
11000000101010000000000000010010
11000000101010000000000000001100
10110111110011101101001101010010
00000000001111101001000011101111
11010111011011101000000000000010
00000000000000000000000111110100
11111101101110010001111100100000
10010110111111010001101001010000
11010001100001001011011000111001
00001100100111101000010110011001
10101010000001101000110111000100
10001111001011010011110010111101
11011101110010101100011110010000
01100000110011101001110001000011
11101010101100011110000101010000
10011101000101001100000001111111
11010001111001011100111111001110

00001100001000100100000000000000
01000000000100010110011110100010
11000000101010000000000000010010
10000001010001101000010000100100
00000000011110110000000001111011
00000000001110001011101101101101
00100011000000100000101011101000
00000000000000000000111010010000
00000000000000000000001100001101
11000011110000111101110101100100
11011110010110111111011100101110
11110001101101001110111011001100
11011110010110111111010011101110
10111000111111100010101101110110
11011110010110111111010011101110
11000000000011000100110010110011
11011110010110111111100100010100
01000101000000000000000001010010
01100100101000100100000000000000
10000000000100010001010010001010
11000000101010000000000000010010
11000000101010000000000000001100
10110111110011101101001101010010
00000000001111101110011011111100
11010111011011101000000000000010
00000000000000000000000111110110
11111101101110010101100001001000
11110100000001010110111011001011
00110110110110010001101101100100
01001000110001100010111010111101
01100010100011110110111111011100
10101010001111010010110111100111
11101001100001111011000101000011
11001110111100010001001111101011
11101010011100001000010010000001
11110111001000100110011110001001
10111001101101011111101100101110

01101011001011010100000000000000
10000000000100010000110111111111
11000000101010000000000000010010
11000000101010000000000000001100
10110111110011101101001101010010
00000000001111101001110001000100
11010111011011101000000000000010
00000000000000000000000111111000
11111101101110010101101101010010
00011110101110111100011011000111
11110010000111100110010011000011
00010001100010111110001001010111
01110111110101101101101011110100
00001011101010100001001100101000
00011100001001001100001010111100
10011000101110011001001000100010
01110111011110110111101110000110
00011100001011010010111011000001
10010110000110110011110011110000
01000101101110000000000001001100
11101100010111100100000000000000
01000000000100010010100111000100
11000000101010000000000000010010
00111110110100100010010000111010
00000000011110110000000001111011
00000000001110001001100000111011
00100011000000100000101011101000
00000000000000000000111010010000
00000000000000000000001100100110
11000011110000111101110101100100
11011110010110111111011100101110
11110001101101001110111011001100
11011110010110111111010100000100
10111000000011100101000000101100
11011110010110111111010100000100
10111111100011111111111001001101
11011110010110111111100100101110

01000101000000000000000000111010
11100001101110010100000000000000
01000000000100010111001110100110
11000000101010000000000000010010
01010111110011001100110011001100
10010100111111010000000000110101
00000000001001100111000001000101
10001111011010000000000100000000
00000000000000010000000000000000
00000000000000000000000000000000
00000011011101110111011101110111
00000101011100000110001101101000
00110010001101000000001001110000
01101100000000000000000000000001

