11110100010100110100000000000000
01000000000100010011010110011010
11000000101010000000000000001101
01010011101000101111101110100011
00000000011110110000000001111011
00000000001110000001001001011100
00100011000000100000101011101000
00000000000000000000101011010101
00000000000000000000000110111001
01010011101000101111101110100011
11011100111001000001000001010101
11110001011010011101100101111110
11011100111001000001000010010110
10100110011100110011100000101101
11011100111001000001000010010110
10101011111111110010010010011000
11011100111001000001000011011001
01000101000000000000000000111011
11000110110101000100000000000000
01000000000100011000111010001111
11000000101010000000000000001101
01010111110011001100110011001100
10110101010100010000000000110101
00000000001001110111100100111100
10110001100011000000000100000000
00000000000000010000000000000000
00000000000000000000000000000000
00001001011011000110100101101110
01110101011110000110110101101001
01101110011101000000001101100011
01101111011011010000000000000000
01000101000000000000000011110001
00000000000000000100000000000000
01000000000100011011011110100010
11000000101010000000000000001010
11000000101010000000000011111111
00000000100010100000000010001010
00000000110111010011000010011010
00010001000010100000110111110101
11000000101010000000000000001010
00000000100010100000000011000111
00000000000000000010000001000110
01000101010001010100010001000100
01001000010001000100001101000100
01000001010001000100000101000011
01001110010001010100010101000101
01001110010001100100010001000011
01000001010000110100000101000011
01000001010000110100000101000011
01000001010000010100000100000000
00100000010001100100100001000101
01010000010001100100001101000101

